01_tables/tabla_mangaagn_updated.ecsv
# %ECSV 1.0
# ---
# datatype:
# - {name: PLATEIFU, datatype: string}
# - {name: MANGAID, datatype: string}
# - {name: OBJRA, datatype: float64}
# - {name: OBJDEC, datatype: float64}
# - {name: NSA_Z, datatype: float64}
# - {name: NSA_ZDIST, datatype: float64}
# - {name: MORPH, datatype: string}
# - {name: P_BAR, datatype: float64}
# - {name: P_EDGEON, datatype: float64}
# - {name: P_MERGE, datatype: float64}
# - {name: NNEIGH, datatype: string, subtype: 'int16[null]'}
# - {name: Q_NN, datatype: string, subtype: 'float64[null]'}
# - {name: Q_LSS, datatype: string, subtype: 'float64[null]'}
# - {name: LOGMASS, datatype: string, subtype: 'float64[null]'}
# - {name: AGN, datatype: float64}
# - {name: AGN_CLASS, datatype: string}
# - {name: KCRA_ST, datatype: float64}
# - {name: KCDEC_ST, datatype: float64}
# - {name: KCRA_ST_ERR, datatype: float64}
# - {name: KCDEC_ST_ERR, datatype: float64}
# - {name: KCRA_HA, datatype: float64}
# - {name: KCDEC_HA, datatype: float64}
# - {name: KCRA_HA_ERR, datatype: float64}
# - {name: KCDEC_HA_ERR, datatype: float64}
# - {name: KCRA_OIII, datatype: float64}
# - {name: KCDEC_OIII, datatype: float64}
# - {name: KCRA_OIII_ERR, datatype: float64}
# - {name: KCDEC_OIII_ERR, datatype: float64}
# - {name: PX_V, datatype: int64}
# - {name: PX_VHA, datatype: int64}
# - {name: PX_VOIII, datatype: int64}
# - {name: FLAG, datatype: string}
# schema: astropy-2.0
PLATEIFU MANGAID OBJRA OBJDEC NSA_Z NSA_ZDIST MORPH P_BAR P_EDGEON P_MERGE NNEIGH Q_NN Q_LSS LOGMASS AGN AGN_CLASS KCRA_ST KCDEC_ST KCRA_ST_ERR KCDEC_ST_ERR KCRA_HA KCDEC_HA KCRA_HA_ERR KCDEC_HA_ERR KCRA_OIII KCDEC_OIII KCRA_OIII_ERR KCDEC_OIII_ERR PX_V PX_VHA PX_VOIII FLAG
[from data line 1696]
8326-1901 1-320681 213.813097542 47.8733435601 0.0278739 0.0282003 - 0.12806311622262 0.038653346709907055 nan [0] [-999.0] [-999.0] [10.7166574499618] nan "" 0.0 0.16666666666666607 0.0 0.23570226039551584 0.5333333333333332 -1.4666666666666668 0.22110831935702663 0.38586123009300755 0.5999999999999996 -1.7000000000000002 0.2 0.24494897427831777 386 326 313 OK
8326-12705 1-320922 217.077905948 46.8238432166 0.0358621 0.0361927 S2 0.48695598542690277 0.016242298763245344 nan [0] [-999.0] [-999.0] [9.43936369295387] nan "" -0.5666666666666664 -0.6333333333333329 0.35901098714230034 0.22110831935702666 1.6999999999999993 -1.5 0.541602560309064 0.0 1.6999999999999993 -1.5 0.541602560309064 0.0 107 107 107 OK
8326-12704 1-320642 214.375197857 47.7149584725 0.037478 0.0378053 S2 0.514283612370491 0.9985261857509613 nan [0] [-999.0] [-999.0] [9.78041356531416] nan "" -1.1999999999999993 -0.6666666666666679 0.8326663997864531 1.043498389499902 0.06666666666666643 0.0 0.16996731711975951 0.0 0.06666666666666643 0.0 0.16996731711975951 0.0 225 225 225 OK
8326-12703 1-320606 215.463145967 48.0337900958 0.052152 0.0524903 S2 0.6126693785190582 0.001149241958046332 nan [0] [-999.0] [-999.0] [10.6284626967715] nan "" -0.2666666666666657 -1.466666666666665 0.4027681991198191 0.38586123009300755 0.3000000000000007 -0.06666666666666643 0.2449489742783178 0.16996731711975951 0.3000000000000007 -0.06666666666666643 0.2449489742783178 0.16996731711975951 726 726 726 OK
8326-12702 1-235575 214.726268165 45.9584150865 0.0271793 0.0274829 S2 0.41038620471954346 1.3863155800208915e-05 nan [4] [-2.5753369] [-2.0647526] [10.2248243716332] nan "" -0.533333333333335 1.5 0.12472191289246473 0.6055300708194983 -0.5 -0.7333333333333343 0.0 0.2494438257849294 -0.5 -0.7333333333333343 0.0 0.2494438257849294 1298 1298 1298 OK
8326-12701 1-235398 213.149187912 47.2530577 0.0280844 0.0283978 S2 0.7778992652893066 0.016403104178607464 nan [0] [-999.0] [-999.0] [10.7372666736301] nan "" -0.7333333333333343 -0.6000000000000014 0.5734883511361751 0.19999999999999993 0.9333333333333336 2.7666666666666657 0.16996731711975951 0.3590109871423003 0.9333333333333336 2.7666666666666657 0.16996731711975951 0.3590109871423003 1404 1404 1404 OK
8326-3701 1-235530 214.422103097 45.4658215702 0.027447 0.0277415 - 0.03205425338819623 0.025963814463466406 nan [3] [-4.8832803] [-4.6913862] [10.5713710837373] nan "" -0.2666666666666675 0.0 0.24944382578492943 0.0 -0.5333333333333332 -0.13333333333333286 0.1247219128924647 0.5906681715556451 -0.5333333333333332 -0.13333333333333286 0.1247219128924647 0.5906681715556451 640 640 640 OK
8483-12701 1-92487 244.188130185 48.6003204386 0.0463009 0.046839 S2 0.6840732395648956 0.8658425509929657 nan [0] [-999.0] [-999.0] [10.1892320872337] nan "" 0.0 -3.4000000000000004 0.0 0.5537749241945383 1.8999999999999986 -3.7333333333333325 0.4546060565661952 0.5436502143433364 1.8999999999999986 -3.7333333333333325 0.4546060565661952 0.5436502143433364 387 387 387 OK
8483-12702 1-93520 246.796565412 47.501665073 0.0327133 0.033259 S2 0.07110827788710594 0.14276008680462837 nan [3] [-1.4946985] [-1.4942449] [9.74051041771977] nan "" 0.33333333333333215 -0.1999999999999993 0.3944053188733077 0.3055050463303894 1.3333333333333321 -0.9333333333333336 0.2357022603955158 0.16996731711975951 1.3333333333333321 -0.9333333333333336 0.2357022603955158 0.16996731711975951 109 114 114 OK
8483-12703 1-542318 245.248313831 49.0017772161 0.0582143 0.0587643 S1 0.9754446446895599 0.017169867642223835 nan [3] [-3.016598] [-2.9333975] [11.0970870895428] nan "" 0.13333333333333286 -0.03333333333333499 0.22110831935702666 0.12472191289246473 -0.533333333333335 1.3333333333333321 0.12472191289246472 0.6236095644623236 -0.533333333333335 1.3333333333333321 0.12472191289246472 0.6236095644623236 438 408 407 OK
8483-12704 1-574361 247.085172003 48.2144891104 0.0210394 0.0215947 S2 0.7818640768527985 0.049469685181975365 nan [1] [-2.8674743] [-2.8674743] [9.28363727733977] nan "" 0.23333333333333428 -0.1999999999999993 0.2494438257849294 0.541602560309064 -0.06666666666666643 -0.5666666666666664 0.16996731711975951 0.16996731711975951 -0.06666666666666643 -0.5 0.16996731711975951 0.2581988897471611 334 360 337 OK
8483-12705 1-93466 247.742074857 48.2803111461 0.034895 0.0354558 S2 0.9997243881225586 0.0013745561591349542 nan [1] [-4.4487672] [-4.4487672] [9.56535509544788] nan "" -0.5 -0.5666666666666664 0.6324555320336759 0.4027681991198191 -0.43333333333333357 -0.6666666666666679 0.6548960901462832 0.7453559924999299 -0.43333333333333357 -0.6666666666666679 0.6548960901462832 0.7453559924999299 224 224 224 OK
8483-1901 1-93551 246.311080004 48.721331223 0.0207404 0.0213315 S0 0.029913485050201416 0.22236258536577225 nan [1] [-5.764441] [-5.764441] [9.45218295741821] nan "" -0.6333333333333337 0.5333333333333332 0.22110831935702666 0.38586123009300755 0.7333333333333325 -0.5 0.3590109871423003 0.2581988897471611 0.7333333333333325 -0.5 0.3590109871423003 0.2581988897471611 120 124 124 OK
8483-1902 1-94228 248.018269901 47.7647576117 0.0494351 0.0499926 - 0.043262749910354614 0.07767043635249138 0.0 [4] [-2.382736] [-2.2183781] [10.871802699648] nan "" 0.2333333333333325 -0.2999999999999998 0.3091206165165235 0.30550504633038933 -0.2333333333333334 0.06666666666666643 0.3091206165165235 0.16996731711975951 -0.2666666666666666 0.13333333333333286 0.3091206165165235 0.22110831935702666 301 300 300 OK
8483-3701 1-93375 245.454365212 47.0521180262 0.029506 0.0300369 - 0.9951924979686737 0.0002756051835604012 nan [1] [-3.9736798] [-3.9736798] [10.6324058681481] nan "" 0.033333333333333215 -0.7333333333333325 0.12472191289246469 0.4027681991198191 0.0 0.0 0.0 0.0 0.0 0.0 0.0 0.0 721 720 718 OK
8483-3704 1-93503 247.391795685 47.7029868772 0.0328625 0.0334148 S1 0.2244630753993988 0.5942078530788422 0.0 [2] [-2.0370891] [-2.0360546] [9.9667195965605] nan "" 0.13333333333333286 -0.3333333333333339 0.5312459150169743 0.674948557710553 -0.5 0.0 0.0 0.0 -0.5 0.0 0.0 0.0 282 281 281 OK
8483-3703 1-542312 246.431760677 49.314241062 0.0478982 0.0484599 - 0.1604195311665535 0.002433174289762974 nan [0] [-999.0] [-999.0] [11.2732423468237] nan "" -0.3000000000000007 -1.2666666666666675 0.35590260840104376 0.7039570693980959 0.033333333333333215 -0.9333333333333336 0.12472191289246469 0.16996731711975951 -0.033333333333333215 -0.7666666666666675 0.12472191289246469 0.24944382578492943 711 586 591 OK
8483-6101 1-93557 246.456915028 48.1003393844 0.0197953 0.0203361 S2 0.08252333104610443 0.2270834967494011 nan [3] [-6.20961] [-6.0038733] [10.4889355586045] nan "" -0.5666666666666664 0.06666666666666643 0.16996731711975951 0.16996731711975951 0.0 0.0 0.0 0.0 0.0 0.0 0.0 0.0 923 923 923 OK
8483-6102 1-633943 246.118675724 48.5966479681 0.0574231 0.0579753 - 0.5191450715065002 0.1448361575603485 0.6299999952316284 [11] [-1.2037507] [-1.1323256] [11.5327067647126] nan "" 1.1999999999999993 0.2333333333333325 0.2449489742783178 0.47842333648024415 -0.5666666666666664 0.033333333333333215 0.16996731711975951 0.2211083193570266 -0.5 -0.3000000000000007 0.0 0.3055050463303894 904 812 760 OK
8483-6103 1-93705 247.179730935 49.0610805707 0.0353494 0.035914 S2 0.8805068135261536 0.00017650243535172194 nan [10] [-3.0098701] [-2.7281287] [9.85155368246906] nan "" -1.4666666666666668 1.1999999999999993 0.2867441755680875 0.4 0.09999999999999964 0.7666666666666675 0.27080128015453203 0.4027681991198191 0.09999999999999964 0.7666666666666675 0.27080128015453203 0.4027681991198191 350 350 350 OK
8483-9101 1-93378 245.662643292 47.1607564493 0.0488676 0.0494012 - 0.19018084555864334 0.020608970895409584 nan [2] [-2.8848982] [-2.8765943] [10.9984942965165] nan "" -1.166666666666666 -0.06666666666666643 0.23570226039551584 0.24944382578492943 1.2666666666666657 0.3999999999999986 0.2494438257849294 0.270801280154532 1.033333333333335 0.466666666666665 0.33993463423951903 0.22110831935702666 325 317 316 OK
8483-9102 1-93455 248.397810272 48.37984791 0.0391042 0.0396708 S2 0.26777882874011993 0.013480071909725666 nan [0] [-999.0] [-999.0] [9.93396933481426] nan "" -0.8000000000000007 -0.2333333333333325 0.2449489742783178 0.3590109871423003 -1.0 0.0 0.0 0.0 -1.0 0.0 0.0 0.0 349 349 349 OK
8483-3702 1-93706 247.148175739 48.7836275645 0.0330797 0.0336412 - 0.7901354432106018 0.7526483833789825 nan [8] [-2.0340621] [-1.9255985] [10.8534190673113] nan "" -1.0666666666666664 -0.5666666666666664 0.16996731711975951 0.3590109871423003 -0.6666666666666661 0.0 0.43461349368017665 0.2581988897471611 -0.5 0.8666666666666671 0.3651483716701107 0.22110831935702666 594 548 496 OK
8483-6104 1-93471 247.694974246 47.7947656349 0.127959 0.128514 - 0.04676253907382488 0.03933753352612257 nan [2] [-2.5263512] [-2.4301801] [11.6663975337647] nan "" 1.0999999999999996 -1.0333333333333332 0.48989794855663554 0.38586123009300755 0.0 -2.166666666666666 0.0 0.23570226039551584 0.0 -2.166666666666666 0.0 0.23570226039551584 220 200 195 OK
8452-12703 1-148068 156.805684986 48.2447914261 0.0609631 0.0611434 S2 0.953246682882309 4.910088136966806e-06 nan [0] [-999.0] [-999.0] [11.3372538371324] nan "" -0.7666666666666657 0.33333333333333215 0.2494438257849294 0.23570226039551584 -0.1999999999999993 -0.13333333333333286 0.2449489742783178 0.22110831935702666 -0.16666666666666785 -0.16666666666666785 0.2357022603955158 0.23570226039551584 1235 1231 1234 OK
8452-12702 1-147685 156.044276918 47.5239549356 0.0425735 0.0427418 S2 0.4408116638660431 0.9999821782112122 nan [4] [-2.8887074] [-2.1824174] [10.3731014539481] nan "" 2.2333333333333343 -0.9333333333333336 0.7039570693980959 0.3091206165165235 1.6999999999999993 -1.1999999999999993 0.9797958971132713 0.3055050463303894 1.6999999999999993 -1.1999999999999993 0.9797958971132713 0.3055050463303894 279 279 279 OK
8452-12705 1-609412 157.93769 46.67167 0.024944 0.0250956 S2 0.9749478399753571 4.852698576307546e-09 0.0 [2] [3.5233972] [3.5234044] [10.3738543047621] nan "" 0.6999999999999993 0.6333333333333329 0.2449489742783178 0.28674417556808757 0.5 -0.6666666666666679 0.0 0.23570226039551584 0.5 -0.6666666666666679 0.0 0.23570226039551584 2401 2401 2401 OK
8452-12704 1-172986 157.357080392 47.2334299812 0.0518134 0.0519754 S2 0.9470370709896088 0.004185854224488139 nan [3] [-1.0726994] [-0.9900387] [10.6104612825225] nan "" 1.966666666666665 1.1999999999999993 0.49888765156985887 0.3055050463303894 0.0 0.5 0.0 0.18257418583505536 0.0 0.5 0.0 0.18257418583505536 380 380 378 OK
8452-12701 1-167678 155.551392374 46.8938752615 0.0400151 0.0401728 S2 0.8846582472324371 0.0003631133877206594 nan [3] [-3.7599306] [-2.8480639] [10.2382514594937] nan "" 2.133333333333333 -1.0666666666666664 0.33993463423951903 0.16996731711975951 -0.10000000000000142 0.5666666666666664 0.2 0.4422166387140533 -0.10000000000000142 0.5666666666666664 0.2 0.4422166387140533 94 110 110 OK
8452-6104 1-172987 157.181464397 47.6790079342 0.0427482 0.0429182 S1 0.05629010125994682 0.38007092475891113 nan [1] [-3.0442433] [-3.0442433] [10.3688669014142] nan "" -0.1999999999999993 0.13333333333333286 0.2449489742783178 0.4268749491621899 0.0 -0.4666666666666668 0.0 0.12472191289246469 0.0 -0.4666666666666668 0.0 0.12472191289246469 232 232 232 OK
8452-6102 1-172948 156.138100834 46.8312068204 0.0424731 0.042629 S2 0.9621126055717468 0.014410494826734066 nan [2] [-2.9315782] [-2.8184891] [11.0625673282772] nan "" -0.06666666666666643 -0.06666666666666643 0.16996731711975951 0.16996731711975951 -1.9666666666666668 -1.2666666666666675 0.38586123009300755 0.3590109871423003 -1.9666666666666668 -1.2666666666666675 0.38586123009300755 0.3590109871423003 832 832 831 OK
8452-1902 1-148046 157.77930272 48.0148303874 0.058703 0.0588785 S2 0.16298682242631912 0.0007484705420210958 nan [2] [-1.0190028] [-1.0189456] [10.9059214775096] nan "" 1.5666666666666664 0.36666666666666714 0.3590109871423003 0.28674417556808757 0.5 0.033333333333333215 0.0 0.1247219128924647 0.5 0.033333333333333215 0.0 0.1247219128924647 376 375 375 OK
8452-3701 1-608874 156.193566849 46.4560652324 0.0424317 0.042581 - 0.055484190583229065 0.009073239285498857 nan [1] [-4.8512797] [-4.8512797] [11.0365235357688] nan "" -0.43333333333333357 -0.43333333333333357 0.24944382578492938 0.40276819911981904 0.09999999999999964 0.8000000000000007 0.19999999999999996 0.4 0.36666666666666714 0.6666666666666661 0.22110831935702666 0.39440531887330776 613 581 568 OK
8452-3702 1-148127 156.298016415 47.7390794143 0.0621072 0.062279 - 0.22138798981904984 0.01034765737131238 nan [14] [-1.6243324] [-1.4367857] [11.419123849911] 1.0 RADIO_AGN 0.5333333333333332 2.166666666666666 0.1247219128924647 0.53748384988657 1.4666666666666668 -1.0666666666666664 0.5617433182117573 0.4422166387140533 1.3000000000000007 -0.6666666666666661 0.5099019513592784 0.6236095644623236 524 487 365 OK
8452-3703 1-148086 156.699612286 48.1290396768 0.133195 0.133373 - 0.03662091679871082 0.07524074986577034 nan [0] [-999.0] [-999.0] [11.6186324848219] nan "" -0.16666666666666607 0.2666666666666675 0.39440531887330776 0.24944382578492943 0.09999999999999964 -0.2666666666666675 0.19999999999999998 0.24944382578492943 0.09999999999999964 -0.2666666666666675 0.19999999999999998 0.24944382578492943 198 198 198 OK
8452-3704 1-173030 157.538994172 47.2784029777 0.0250599 0.0252226 S2 0.2396889626979828 0.01409545773640275 nan [0] [-999.0] [-999.0] [10.1940874213484] nan "" 0.09999999999999964 -0.3333333333333339 0.5537749241945383 0.298142396999972 0.0 -0.2333333333333325 0.0 0.24944382578492943 0.0 -0.2333333333333325 0.0 0.24944382578492943 537 536 536 OK
8452-6101 1-167610 154.836371039 46.5502087767 0.024362 0.0245143 S2 0.06387065909802914 0.16467320919036865 nan [3] [-4.9794869] [-4.5905581] [9.86794190563711] nan "" 1.2333333333333325 -0.3000000000000007 0.793025150224688 0.30550504633038933 -0.13333333333333286 0.43333333333333357 0.22110831935702666 0.16996731711975951 -0.13333333333333286 0.43333333333333357 0.22110831935702666 0.16996731711975951 534 534 534 OK
8452-9101 1-172936 156.433378312 47.3264947743 0.062131 0.0622954 - 0.03542678151279688 0.004786795703694224 0.01899999938905239 [11] [-1.2668859] [-1.027629] [11.5751325257526] nan "" -1.1333333333333329 -1.6333333333333329 0.49888765156985887 0.22110831935702666 0.8000000000000007 -0.4666666666666668 0.5099019513592784 0.1247219128924647 0.8666666666666671 -0.5333333333333332 0.22110831935702666 0.12472191289246469 658 556 426 OK
8452-9102 1-586863 156.966733085 46.0063699088 0.0398743 0.0400149 S2 0.13611296564340591 0.00011206354975001886 nan [1] [-3.522171] [-3.522171] [10.7301281321591] nan "" 0.13333333333333286 0.0 0.22110831935702666 0.4472135954999579 -0.033333333333333215 -0.033333333333333215 0.12472191289246469 0.1247219128924647 -0.033333333333333215 -0.033333333333333215 0.12472191289246469 0.1247219128924647 1340 1340 1340 OK
8452-6103 1-172962 156.738961114 47.5243300034 0.0608266 0.0609942 - 0.07599880918860435 0.04284645803272724 nan [4] [-1.4554992] [-1.4295605] [11.4344814759524] nan "" 0.5333333333333332 -1.5999999999999996 0.38586123009300755 0.37416573867739417 1.4333333333333336 3.2666666666666657 0.16996731711975951 0.2494438257849294 1.5666666666666664 3.133333333333333 0.16996731711975951 0.22110831935702666 675 586 532 OK
8452-1901 1-167688 155.88555557 46.0577547418 0.0257723 0.0259149 - 0.3785638213157654 3.774369179154746e-05 nan [1] [-5.2489595] [-5.2489595] [9.98000357304489] nan "" -1.2666666666666666 0.36666666666666714 0.3091206165165235 0.28674417556808757 0.3000000000000007 -0.9333333333333336 0.3559026084010437 0.679869268479038 0.3000000000000007 -0.9333333333333336 0.3559026084010437 0.679869268479038 289 285 285 OK
