01_tables/tabla_manga_full_updated.ecsv
# %ECSV 1.0
# ---
# datatype:
# - {name: PLATEIFU, datatype: string}
# - {name: MANGAID, datatype: string}
# - {name: OBJRA, datatype: float64}
# - {name: OBJDEC, datatype: float64}
# - {name: NSA_Z, datatype: float64}
# - {name: NSA_ZDIST, datatype: float64}
# - {name: MORPH, datatype: string}
# - {name: P_BAR, datatype: float64}
# - {name: P_EDGEON, datatype: float64}
# - {name: P_MERGE, datatype: float64}
# - {name: NNEIGH, datatype: int32}
# - {name: Q_NN, datatype: float64}
# - {name: Q_LSS, datatype: float64}
# - {name: LOGMASS, datatype: float64}
# - {name: AGN, datatype: float64}
# - {name: AGN_CLASS, datatype: string}
# - {name: KCRA_ST, datatype: float64}
# - {name: KCDEC_ST, datatype: float64}
# - {name: KCRA_ST_ERR, datatype: float64}
# - {name: KCDEC_ST_ERR, datatype: float64}
# - {name: KCRA_HA, datatype: float64}
# - {name: KCDEC_HA, datatype: float64}
# - {name: KCRA_HA_ERR, datatype: float64}
# - {name: KCDEC_HA_ERR, datatype: float64}
# - {name: KCRA_OIII, datatype: float64}
# - {name: KCDEC_OIII, datatype: float64}
# - {name: KCRA_OIII_ERR, datatype: float64}
# - {name: KCDEC_OIII_ERR, datatype: float64}
# - {name: PX_V, datatype: int64}
# - {name: PX_VHA, datatype: int64}
# - {name: PX_VOIII, datatype: int64}
# - {name: FLAG, datatype: string}
# schema: astropy-2.0
PLATEIFU MANGAID OBJRA OBJDEC NSA_Z NSA_ZDIST MORPH P_BAR P_EDGEON P_MERGE NNEIGH Q_NN Q_LSS LOGMASS AGN AGN_CLASS KCRA_ST KCDEC_ST KCRA_ST_ERR KCDEC_ST_ERR KCRA_HA KCDEC_HA KCRA_HA_ERR KCDEC_HA_ERR KCRA_OIII KCDEC_OIII KCRA_OIII_ERR KCDEC_OIII_ERR PX_V PX_VHA PX_VOIII FLAG
[from data line 5518]
8561-1902 1-92057 240.03143 52.36102 0.0339677 0.034517 S1 0.09628074243664742 0.9003017544746399 nan 6 -4.0448675 -4.0361938 10.8751179409628 nan "" -0.5 0.43333333333333357 0.31622776601683794 0.5734883511361751 -1.2333333333333334 -0.666666666666667 0.5120763831912406 0.6236095644623235 -1.2333333333333334 -0.7000000000000002 0.5120763831912406 0.6271629240742259 310 296 294 OK
8561-3701 1-92011 239.618543898 52.224117824 0.068701 0.069246 - 0.031358713284134865 0.06678049825131893 nan 4 -2.8582127 -2.7763917 11.0928878937724 nan "" 0.3333333333333339 0.7666666666666675 0.34960294939005054 0.24944382578492943 1.0333333333333332 0.3000000000000007 0.5906681715556451 0.2449489742783178 0.8666666666666671 0.5 0.4268749491621898 0.4472135954999579 310 274 273 OK
8561-3702 1-633494 240.368511267 53.9040939984 0.0683574 0.068925 - 0.024474071338772774 0.008886502357199788 0.05400000140070915 4 -1.1607188 -1.1547649 11.3627606445804 nan "" 1.9000000000000004 -1.3666666666666671 0.37416573867739417 0.42687494916218993 0.06666666666666643 1.166666666666666 0.16996731711975951 0.23570226039551584 0.06666666666666643 1.1999999999999993 0.16996731711975951 0.2449489742783178 621 581 575 OK
8561-3703 1-92345 240.966487168 53.9016553011 0.0299286 0.0305 S1 0.12489137798547745 0.15169355273246765 nan 1 -4.5138588 -4.5138588 10.0015191448601 nan "" 0.5 0.0 0.0 0.0 1.4333333333333336 0.2333333333333325 0.2494438257849294 0.3590109871423003 1.4333333333333336 0.2333333333333325 0.2494438257849294 0.3590109871423003 377 367 367 OK
8561-3704 1-576315 241.325410354 52.120150906 0.046424 0.0469793 S1 0.7911447286605835 0.00035327309160493314 0.0 2 -1.1792591 -1.1792116 10.7705119930183 nan "" 0.2666666666666675 -2.2666666666666675 0.24944382578492943 0.9809292646374774 -1.4000000000000004 -3.5999999999999996 0.19999999999999996 0.7571877794400365 -1.4000000000000004 -3.5999999999999996 0.19999999999999996 0.7571877794400365 276 276 276 OK
8561-6101 1-91430 238.892224922 53.0333560059 0.0664644 0.0670133 - 0.07320700213313103 0.025645073503255844 nan 10 -3.2924201 -2.4997036 11.4976645730442 nan "" 0.0 0.033333333333333215 0.0 0.12472191289246469 -1.4333333333333336 0.6666666666666661 0.16996731711975951 0.23570226039551584 -1.5333333333333332 0.5666666666666664 0.1247219128924647 0.3590109871423003 600 565 534 OK
8561-6102 1-91113 239.568522052 52.4892581778 0.0485673 0.0491149 S1 0.3630603402853012 0.4335930794477463 nan 3 -4.2232676 -4.0747676 10.511155340237 nan "" -0.06666666666666643 -0.5999999999999996 0.3590109871423003 0.19999999999999996 0.5333333333333332 -0.40000000000000036 0.1247219128924647 0.19999999999999996 0.5333333333333332 -0.40000000000000036 0.1247219128924647 0.19999999999999996 290 290 290 OK
8561-6103 1-91317 237.420728565 53.2590438642 0.0496903 0.0502322 - 0.15868471190333366 0.5328211188316345 nan 3 -4.5393567 -4.1349411 10.7769386969296 nan "" 0.5 0.2333333333333325 0.0 0.24944382578492943 0.09999999999999964 0.6999999999999993 0.19999999999999998 0.6782329983125269 0.09999999999999964 0.6999999999999993 0.19999999999999998 0.6782329983125269 292 297 297 OK
8561-6104 1-92295 239.927705319 52.6843511303 0.107611 0.108163 - 0.05572367087006569 0.2734168618917465 nan 2 -4.0012503 -3.6236472 11.4894223428461 nan "" -0.16666666666666607 -0.3000000000000007 0.34960294939005054 0.5099019513592784 -1.333333333333334 -0.2916666666666661 0.23570226039551584 1.0499669306961794 -1.333333333333334 -0.2916666666666661 0.23570226039551584 1.0499669306961794 216 215 215 OK
8561-9101 1-91394 238.689985245 53.1446977861 0.0686828 0.0692317 S2 0.2125585451722145 3.1121395238642435e-07 nan 2 -2.8236365 -2.7890954 11.3083556418809 nan "" 0.16666666666666607 -0.06666666666666643 0.34960294939005054 0.47842333648024404 0.36666666666666714 -0.6999999999999993 0.22110831935702666 0.2449489742783178 0.36666666666666714 -0.6999999999999993 0.22110831935702666 0.2449489742783178 1571 1571 1570 OK
8561-9102 1-92383 241.500086387 53.5110327837 0.0872151 0.0877859 S1 0.05262408219277859 3.341976957926818e-05 nan 6 -2.8451388 -2.6668968 11.2261729995677 nan "" 0.3000000000000007 0.0 0.2449489742783178 0.0 0.5 -0.06666666666666643 0.0 0.16996731711975951 0.5 -0.06666666666666643 0.0 0.16996731711975951 467 467 467 OK
8562-12701 1-594338 243.226697872 52.1777455373 0.0185962 0.0189542 S2 0.22463523596525192 0.5517928898334503 nan 0 -999.0 -999.0 8.80082912111487 nan "" nan nan nan nan nan nan nan nan nan nan nan nan 0 0 0 OK
8562-12702 1-92953 242.809149596 51.1923715213 0.012983 0.0125004 S2 0.4543679803609848 0.999988853931427 nan 2 -5.1497765 -5.11869 9.50056626498317 nan "" 0.966666666666665 -0.7333333333333343 0.42687494916218993 0.2494438257849294 1.1666666666666679 0.7666666666666657 0.4714045207910316 0.2494438257849294 1.1666666666666679 0.7666666666666657 0.4714045207910316 0.2494438257849294 712 716 716 OK
8562-12703 1-93093 243.015152193 52.7904024154 0.0632206 0.063794 S2 0.5151755958795547 0.9875569045543671 nan 8 -1.7127818 -1.5374813 11.3093863558315 nan "" -0.5 0.3000000000000007 0.0 0.2449489742783178 0.0 0.0 0.0 0.0 8.533333333333335 2.4333333333333336 0.669991708074726 0.6018490028422595 502 513 372 REVISAR
8562-12704 1-92863 244.97294948 51.5465148353 0.0472693 0.0478433 S2 0.9689786732196808 5.568423517843257e-07 nan 3 -1.3972158 -1.3927372 10.9600485621472 nan "" 0.6999999999999993 0.1999999999999993 0.6782329983125268 0.2449489742783178 2.1000000000000014 0.13333333333333286 0.2 0.28674417556808757 2.1000000000000014 0.13333333333333286 0.2 0.28674417556808757 555 574 574 OK
8562-12705 1-542464 244.721465387 50.4328644768 0.0537406 0.0543016 - 0.5187417715787888 0.20349199324846268 nan 7 -1.3497227 -0.7939436 11.3683708471462 nan "" 0.33333333333333215 0.06666666666666643 0.23570226039551584 0.16996731711975951 -0.06666666666666643 0.0 0.16996731711975951 0.0 -0.03333333333333499 0.0 0.12472191289246472 0.0 1120 1120 1119 OK
8993-12705 1-277279 165.391530621 45.6538679753 0.0294089 0.0295408 S2 0.48046012222766876 5.5308106311713345e-05 nan 2 -2.7315412 -2.7178762 11.122072202519 nan "" 0.10000000000000142 -0.13333333333333286 0.19999999999999993 0.22110831935702666 0.23333333333333428 -0.5 0.2494438257849294 0.0 0.23333333333333428 -0.5 0.2494438257849294 0.0 2515 2515 2514 OK
8993-1901 1-277308 165.095274584 44.9571992543 0.0214171 0.0215366 S0 0.07844195887446404 0.2809053510427475 nan 6 -5.3109498 -5.2049956 9.87790050450611 nan "" -1.333333333333333 0.5666666666666664 1.043498389499902 0.3590109871423003 0.5999999999999996 -0.9666666666666668 0.41633319989322654 0.2867441755680875 0.7666666666666675 -0.833333333333333 0.24944382578492943 0.29814239699997197 202 178 181 OK
8993-1902 1-277525 166.689224683 45.9072542601 0.0246718 0.0248087 S2 0.1124386191368103 0.5722737908363342 nan 14 -1.7441729 -1.6861264 10.0558885239986 nan "" -1.6333333333333337 1.5333333333333332 0.33993463423951903 0.339934634239519 0.13333333333333286 0.3000000000000007 0.22110831935702666 0.4760952285695233 0.1999999999999993 0.2666666666666675 0.2449489742783178 0.5436502143433364 275 252 237 OK
8993-3701 1-277317 164.404725025 45.6344344 0.0426827 0.0428141 - 0.05889544636011124 0.006638013059273362 nan 4 -1.6452901 -1.5947094 11.1178679243596 nan "" -0.09999999999999964 -1.0666666666666664 0.2 0.3590109871423003 2.5999999999999996 2.466666666666667 0.4163331998932265 0.12472191289246469 2.5666666666666664 2.466666666666667 0.402768199119819 0.12472191289246469 740 726 722 OK
8993-3702 1-173397 164.715756413 47.3025090803 0.0252874 0.0254484 S2 0.09268343448638916 0.00023252116079675034 nan 0 -999.0 -999.0 9.94505582984536 nan "" 1.166666666666666 -0.9000000000000004 0.39440531887330776 0.4546060565661951 -0.4666666666666668 0.7666666666666675 0.12472191289246469 0.24944382578492943 -0.4666666666666668 0.7666666666666675 0.12472191289246469 0.24944382578492943 503 503 503 OK
8993-3703 1-173384 164.048898948 46.8806666251 0.0285898 0.0287433 S0 0.13540688902139664 0.008517740294337273 0.0 2 -0.8384223 -0.7359537 10.9165033453119 nan "" -1.166666666666666 1.1333333333333329 0.23570226039551584 0.22110831935702666 -2.7666666666666666 -2.8 0.6548960901462834 0.7483314773547883 -2.5 -2.466666666666667 0.4472135954999579 0.4988876515698589 641 634 735 OK
8993-3704 1-278079 166.086573291 46.0560974689 0.142683 0.142822 - 0.021653827279806137 0.04805690236389637 nan 1 -3.7368064 -3.7368064 11.7306730309204 nan "" 0.13333333333333286 0.5999999999999996 0.22110831935702666 0.270801280154532 0.8000000000000007 0.9333333333333336 0.2449489742783178 0.3590109871423003 0.8000000000000007 0.9000000000000004 0.2449489742783178 0.37416573867739417 140 141 132 OK
8993-6101 1-276557 163.885211474 44.9537209501 0.0195988 0.0199378 S2 0.06530653685331345 0.9986564815044403 nan 2 -4.7493038 -4.5219193 9.08807684191768 nan "" 1.4333333333333336 -1.2666666666666675 0.40276819911981904 0.3091206165165235 1.0999999999999996 -2.5999999999999996 1.1718930554164633 0.7118052168020874 0.9666666666666668 -2.666666666666666 1.0718623460542351 0.5676462121975467 109 109 103 OK
8993-6102 1-276843 163.952065008 45.9828907737 0.0221918 0.0223294 S2 0.5444400757551193 0.9999717473983765 nan 3 -5.2047796 -4.3882418 9.77593905993061 nan "" -0.3000000000000007 -1.4333333333333336 0.6531972647421809 0.16996731711975951 0.3333333333333339 0.0 0.23570226039551584 0.0 0.3333333333333339 0.0 0.23570226039551584 0.0 336 336 336 OK
8993-6103 1-278059 166.704827641 45.9646320876 0.024898 0.0250359 - 0.15693991631269455 0.006197786889970303 nan 15 -2.6048608 -2.1934819 11.0499235032987 nan "" 0.033333333333333215 -0.3333333333333339 0.1247219128924647 0.298142396999972 0.7666666666666675 0.5666666666666664 0.24944382578492943 0.891939210683977 0.7666666666666675 0.5666666666666664 0.24944382578492943 0.891939210683977 1257 1253 1251 OK
8993-6104 1-588013 166.53203684 45.1222551688 0.0212047 0.0213315 S2 0.0841616839170456 0.9998921453952789 nan 20 -3.3111916 -2.2508609 9.26133847901784 nan "" -0.9000000000000004 0.8666666666666671 0.9345230512584124 0.46427960923947065 -2.1999999999999993 1.1333333333333329 0.4396968652757639 0.4268749491621898 -2.1999999999999993 1.1333333333333329 0.4396968652757639 0.4268749491621898 144 144 144 OK
8993-9101 1-277470 165.13845 46.34362 0.0215818 0.0217259 S2 0.15801110863685608 0.00015254651953000575 nan 9 -3.5568664 -2.0047696 9.54315020450435 nan "" 1.3000000000000007 -0.40000000000000036 0.541602560309064 0.19999999999999996 -0.5333333333333332 0.6666666666666679 1.5107025591499548 0.5962847939999439 -0.5333333333333332 0.6666666666666679 1.5107025591499548 0.5962847939999439 119 136 136 OK
8993-9102 1-277257 165.910106905 45.17996731 0.020498 0.0207182 S2 0.9939678311347961 2.164812713090214e-06 0.0 18 -0.6441347 -0.6190813 10.5635112672828 nan "" 0.7333333333333343 0.533333333333335 0.3091206165165235 0.12472191289246473 -0.5 -0.8000000000000007 0.18257418583505536 0.2449489742783178 -0.5 -0.8000000000000007 0.18257418583505536 0.2449489742783178 1132 1132 1132 OK
8994-12701 1-148581 161.317176298 49.8798829113 0.0248189 0.0250255 S2 0.12294438853859901 5.287203066473012e-06 nan 0 -999.0 -999.0 10.5539090677843 nan "" 0.5666666666666664 -0.03333333333333499 0.16996731711975951 0.12472191289246473 0.03333333333333499 0.0 0.12472191289246473 0.0 0.0 0.0 0.0 0.0 1521 1521 1520 OK
8994-12702 1-148582 161.256134626 50.2744807858 0.0421265 0.0423401 S2 0.03753605671226978 0.005148126394487917 nan 0 -999.0 -999.0 10.0825029243203 nan "" -4.166666666666666 0.8000000000000007 0.34960294939005054 0.3055050463303894 0.0 0.0 0.0 0.0 0.0 0.0 0.0 0.0 426 426 426 OK
8994-12703 1-186604 161.2267862 51.4916490493 0.0251477 0.0253826 S2 0.12828398123383522 0.02066024299710989 nan 1 -4.5680451 -4.5680451 10.4867316732605 nan "" -1.0666666666666664 1.0 0.16996731711975951 0.31622776601683794 -0.03333333333333499 -0.03333333333333499 0.12472191289246473 0.12472191289246473 -0.03333333333333499 -0.03333333333333499 0.12472191289246473 0.12472191289246473 1378 1378 1378 OK
8994-12704 1-148547 160.369652079 50.8121118698 0.0249866 0.0252099 S2 0.5062072575092316 0.9992084801197052 nan 0 -999.0 -999.0 10.0560248260418 nan "" 1.3333333333333321 0.03333333333333499 0.8692269873603532 0.12472191289246473 0.16666666666666785 -0.1999999999999993 0.3496029493900505 0.2449489742783178 0.16666666666666785 -0.1999999999999993 0.3496029493900505 0.2449489742783178 417 417 417 OK
8994-12705 1-148691 161.539634572 49.5435654232 0.0319433 0.0321439 S2 0.3492838144302368 0.20506715774536133 nan 0 -999.0 -999.0 10.914934988301 nan "" 0.8666666666666671 0.10000000000000142 0.4642796092394706 0.270801280154532 0.10000000000000142 0.16666666666666785 0.2 0.23570226039551584 0.10000000000000142 0.16666666666666785 0.2 0.23570226039551584 1428 1428 1428 OK
8994-1901 1-148536 159.435335298 49.7691642851 0.0462262 0.0464315 S1 0.17451035231351852 0.16441253572702408 nan 4 -4.4786754 -3.631295 10.4641843268062 nan "" -0.033333333333333215 0.1999999999999993 0.4988876515698589 0.30550504633038933 -0.833333333333333 -1.0999999999999996 0.5676462121975466 0.19999999999999996 -0.833333333333333 -1.0999999999999996 0.5676462121975466 0.19999999999999996 252 252 250 OK
8994-1902 1-148756 163.00323765 50.8430346056 0.026039 0.0262622 S1 0.22611992061138153 0.9928065240383148 nan 15 -4.0971427 -2.8860168 10.3605054878204 nan "" 1.0999999999999996 -3.033333333333333 0.7118052168020874 0.784573486395988 1.0 -1.166666666666667 0.18257418583505536 0.4346134936801765 0.8666666666666671 -0.833333333333333 0.22110831935702666 0.298142396999972 299 270 272 OK
8994-3701 1-186329 159.041828605 50.5384216958 0.046964 0.0471831 S1 0.6435497999191284 0.9998088479042053 nan 1 -3.2584684 -3.2584684 10.6736419162407 nan "" -2.833333333333334 -0.9666666666666668 0.53748384988657 0.22110831935702666 -1.3000000000000007 -0.09999999999999964 0.2449489742783178 0.19999999999999998 -1.3000000000000007 -0.09999999999999964 0.2449489742783178 0.19999999999999998 181 181 181 OK
8994-3702 1-148554 159.604369454 50.0202082193 0.0424572 0.042667 S0 0.7505121231079102 0.012935736682265997 nan 6 -2.6419783 -2.618259 10.6075571979597 nan "" 0.3333333333333339 -0.3333333333333339 0.39440531887330776 0.298142396999972 -0.7333333333333325 0.3333333333333339 0.24944382578492943 0.23570226039551584 -0.06666666666666643 -0.1999999999999993 0.16996731711975951 0.2449489742783178 182 153 159 OK
8994-3703 1-148530 159.574995379 50.1851689244 0.0451092 0.0453218 - 0.08594308793544769 0.7736276090145111 nan 15 -2.5858483 -2.4793112 10.7323214302149 nan "" 0.7333333333333325 0.36666666666666714 0.24944382578492943 0.3858612300930075 0.13333333333333286 1.0 0.3858612300930075 0.0 -0.2333333333333325 1.0 0.24944382578492943 0.0 249 219 212 OK
8994-3704 1-148557 159.714695164 49.7883577635 0.0440174 0.0442229 S2 0.11690028384327888 0.0001515748881502077 nan 7 -2.5201757 -2.3998158 10.3275042511601 nan "" 1.166666666666666 0.16666666666666607 0.34960294939005054 0.5962847939999439 -1.0 1.0333333333333332 0.0 0.1247219128924647 -1.0 1.0333333333333332 0.0 0.1247219128924647 242 242 242 OK
8994-6101 1-148754 163.061460594 50.5611491355 0.0257667 0.025985 S2 0.9225806891918182 4.847804348173668e-06 nan 12 -3.8980262 -3.0056336 9.89775480361152 nan "" -1.2333333333333325 -2.333333333333334 0.24944382578492943 0.23570226039551584 2.0 0.8333333333333339 0.0 0.34960294939005054 2.0 0.8333333333333339 0.0 0.34960294939005054 478 521 521 OK
