01_tables/tabla_manga_full_updated.ecsv
# %ECSV 1.0
# ---
# datatype:
# - {name: PLATEIFU, datatype: string}
# - {name: MANGAID, datatype: string}
# - {name: OBJRA, datatype: float64}
# - {name: OBJDEC, datatype: float64}
# - {name: NSA_Z, datatype: float64}
# - {name: NSA_ZDIST, datatype: float64}
# - {name: MORPH, datatype: string}
# - {name: P_BAR, datatype: float64}
# - {name: P_EDGEON, datatype: float64}
# - {name: P_MERGE, datatype: float64}
# - {name: NNEIGH, datatype: int32}
# - {name: Q_NN, datatype: float64}
# - {name: Q_LSS, datatype: float64}
# - {name: LOGMASS, datatype: float64}
# - {name: AGN, datatype: float64}
# - {name: AGN_CLASS, datatype: string}
# - {name: KCRA_ST, datatype: float64}
# - {name: KCDEC_ST, datatype: float64}
# - {name: KCRA_ST_ERR, datatype: float64}
# - {name: KCDEC_ST_ERR, datatype: float64}
# - {name: KCRA_HA, datatype: float64}
# - {name: KCDEC_HA, datatype: float64}
# - {name: KCRA_HA_ERR, datatype: float64}
# - {name: KCDEC_HA_ERR, datatype: float64}
# - {name: KCRA_OIII, datatype: float64}
# - {name: KCDEC_OIII, datatype: float64}
# - {name: KCRA_OIII_ERR, datatype: float64}
# - {name: KCDEC_OIII_ERR, datatype: float64}
# - {name: PX_V, datatype: int64}
# - {name: PX_VHA, datatype: int64}
# - {name: PX_VOIII, datatype: int64}
# - {name: FLAG, datatype: string}
# schema: astropy-2.0
PLATEIFU MANGAID OBJRA OBJDEC NSA_Z NSA_ZDIST MORPH P_BAR P_EDGEON P_MERGE NNEIGH Q_NN Q_LSS LOGMASS AGN AGN_CLASS KCRA_ST KCDEC_ST KCRA_ST_ERR KCDEC_ST_ERR KCRA_HA KCDEC_HA KCRA_HA_ERR KCDEC_HA_ERR KCRA_OIII KCDEC_OIII KCRA_OIII_ERR KCDEC_OIII_ERR PX_V PX_VHA PX_VOIII FLAG
[from data line 6549]
10844-6103 1-181720 146.091076075 6.07547623633 0.061824728 0.0613054 - 0.074908796697855 0.6464548707008362 nan 4 -3.2528164 -3.1342053 11.2177379866516 nan "" -1.6333333333333329 2.6000000000000014 0.46427960923947065 0.3265986323710904 -0.43333333333333357 2.466666666666667 0.16996731711975951 0.2867441755680875 -0.3000000000000007 2.3000000000000007 0.2449489742783178 0.43969686527576396 312 282 274 OK
10844-6104 1-181700 145.847277242 6.30103139194 0.06144884 0.06093373 - 0.034927111119031906 0.026879466138780117 nan 6 -1.773538 -1.750106 11.4627924717639 nan "" -1.6999999999999993 -1.0333333333333332 0.5715476066494083 0.42687494916218993 -0.7333333333333325 -0.5 0.24944382578492943 0.3651483716701107 -1.0666666666666664 -0.2666666666666675 0.16996731711975951 0.24944382578492943 591 537 495 OK
10844-9101 1-181589 144.609457956 5.20638455722 0.022492912 0.02196556 S2 0.22870294749736786 5.069133976576268e-06 nan 1 -4.0300684 -4.0300684 10.0259358929779 nan "" -2.4000000000000004 -0.8000000000000007 0.6377042156569663 0.2449489742783178 -1.0999999999999996 0.466666666666665 0.32659863237109044 0.12472191289246472 -1.0999999999999996 0.466666666666665 0.32659863237109044 0.12472191289246472 900 900 900 OK
10844-9102 1-181692 145.831379014 5.89553882207 0.091540724 0.09101953 - 0.3699173480272293 0.31391312181949615 nan 5 -0.6306322 -0.1417963 11.623604203352 nan "" 1.4333333333333336 -0.5999999999999996 0.16996731711975951 0.19999999999999998 0.40000000000000036 -1.1999999999999993 0.5537749241945383 0.2449489742783178 -0.5 -0.9333333333333336 0.4472135954999579 0.16996731711975951 351 350 354 OK
10845-12701 1-78255 147.98060382 3.48339681461 0.06007185 0.059508003 S1 0.06620844826102257 0.34953780472278595 nan 1 -2.3387647 -2.3387647 11.147663884637 nan "" 0.6666666666666679 -0.5666666666666664 0.2357022603955158 0.6018490028422595 0.5 -0.1999999999999993 0.3651483716701107 0.2449489742783178 0.466666666666665 -0.23333333333333428 0.38586123009300755 0.3091206165165235 322 322 319 OK
10845-12702 1-606221 148.54456 2.28718 0.024562828 0.023979895 S2 0.23956134170293808 2.8357616429275367e-05 nan 0 -999.0 -999.0 10.3441401513323 nan "" -0.8999999999999986 0.13333333333333286 0.19999999999999993 0.28674417556808757 -0.533333333333335 3.7666666666666657 0.28674417556808757 0.4027681991198191 -0.533333333333335 3.7666666666666657 0.28674417556808757 0.4027681991198191 2213 2236 2234 OK
10845-12703 1-78510 149.872800868 3.89310179389 0.043076135 0.042513117 S2 0.07736621052026749 0.9940944910049438 nan 0 -999.0 -999.0 10.2684436221595 nan "" 1.3999999999999986 -0.43333333333333357 0.41633319989322654 0.40276819911981904 -0.5 0.1999999999999993 0.0 0.2449489742783178 -0.5 0.1999999999999993 0.0 0.2449489742783178 282 284 284 OK
10845-12704 1-78452 150.284667141 3.27964173031 0.04745598 0.046882886 S2 0.07318120822310448 1.3272059504743083e-06 nan 0 -999.0 -999.0 10.4410556610593 nan "" -0.13333333333333286 1.8999999999999986 0.22110831935702666 0.2 -0.36666666666666714 0.23333333333333428 0.22110831935702666 0.2494438257849294 -0.36666666666666714 0.23333333333333428 0.22110831935702666 0.2494438257849294 653 653 653 OK
10845-12705 1-78451 150.238559763 3.14176993025 0.029276406 0.028701406 S2 0.9751604497432709 0.13844072818756104 nan 3 -5.7470498 -4.8419256 10.99684984434 nan "" -1.1999999999999993 -0.6999999999999993 0.35590260840104376 0.35590260840104376 -1.8666666666666671 -0.466666666666665 0.22110831935702666 0.22110831935702663 -1.8666666666666671 -0.466666666666665 0.22110831935702666 0.22110831935702663 1563 1563 1563 OK
10845-1901 1-78239 148.4170157 3.48359201386 0.030651486 0.030086385 - 0.014122630003839731 0.015040248166769743 nan 3 -5.5193796 -4.7634335 10.8039403474714 nan "" 0.06666666666666643 -1.0666666666666664 0.3590109871423003 0.4422166387140533 -1.1333333333333337 0.5333333333333332 0.33993463423951903 0.12472191289246469 -1.2333333333333334 0.7666666666666675 0.2494438257849295 0.24944382578492943 395 299 264 OK
10845-1902 1-60629 149.46602759 1.75540777215 0.031993452 0.031400315 - 0.04280340299010277 0.9729135632514954 nan 12 -2.2875524 -2.1458542 10.8066080366738 nan "" 0.3333333333333339 0.16666666666666607 0.23570226039551584 0.23570226039551584 0.9666666666666668 0.1999999999999993 0.12472191289246469 0.2449489742783178 0.8333333333333339 0.033333333333333215 0.23570226039551584 0.22110831935702666 348 335 335 OK
10845-3701 1-55335 148.962814973 1.5781134226 0.100966044 0.10037172 - 0.06588137894868851 0.016018369235098362 nan 2 -2.0713835 -2.0520947 11.5297908278585 nan "" -0.8333333333333339 -0.2333333333333325 0.53748384988657 0.4027681991198191 -0.5666666666666664 0.4666666666666668 0.813770374382247 0.42687494916218993 -0.8333333333333339 0.43333333333333357 0.9428090415820634 0.47842333648024404 289 273 250 OK
10845-3702 1-60446 148.617712893 2.39416041011 0.032925736 0.03234415 - 0.09174167737364769 0.01217567059211433 nan 3 -5.1750469 -4.5289598 10.815976388386 nan "" 0.13333333333333286 -1.166666666666666 0.3858612300930075 0.23570226039551584 -1.166666666666666 -0.5666666666666664 0.23570226039551584 0.2494438257849294 -1.1333333333333329 -0.36666666666666714 0.22110831935702666 0.22110831935702666 640 606 605 OK
10845-3703 1-78200 149.244441227 3.77796056541 0.03450957 0.033946496 - 0.4967362880706787 0.31361818313598633 nan 4 -1.8399245 -1.6944972 11.1932426264013 nan "" 1.5666666666666664 -2.366666666666667 0.16996731711975951 0.22110831935702666 -0.7333333333333325 -0.5 0.24944382578492943 0.0 -0.1999999999999993 -0.5333333333333332 0.2449489742783178 0.12472191289246469 747 702 719 OK
10845-3704 1-60406 148.395312617 2.96832896038 0.070961766 0.070389174 - 0.04010165110230446 0.03831917233765125 0.0 4 -0.67241 -0.6231161 11.2766725807409 nan "" 0.0 -0.6333333333333329 0.0 0.28674417556808757 0.3333333333333339 0.6333333333333329 0.298142396999972 0.22110831935702666 -0.13333333333333286 1.0 0.33993463423951903 0.31622776601683794 284 212 183 OK
10845-6101 1-60334 149.593812964 1.58470921575 0.027746605 0.027150676 S2 0.22073090821504593 0.49197742342948914 nan 2 -5.0599818 -4.127017 10.184168927841 nan "" -0.09999999999999964 1.6999999999999993 0.37416573867739406 0.653197264742181 -1.3000000000000007 -0.5 0.7257180352359082 1.0488088481701516 -4.633333333333333 -6.866666666666666 0.22110831935702666 0.22110831935702666 578 589 583 OK
10845-6102 1-55480 148.343062393 2.67511861027 0.056785386 0.05620867 S2 0.036297726444900036 0.005880665732547641 nan 2 -3.4081266 -3.3932645 10.5368579015124 nan "" 0.5999999999999996 -0.5999999999999996 0.2 0.32659863237109044 -0.5333333333333332 0.0 0.12472191289246469 0.0 -0.5333333333333332 0.0 0.12472191289246469 0.0 410 410 410 OK
10845-6103 1-78558 149.210547355 3.74974999602 0.03335052 0.032787133 S1 0.8003982603549957 0.10382319986820221 nan 4 -0.9385047 -0.8964381 10.7768967734583 nan "" 0.40000000000000036 0.5999999999999996 0.37416573867739417 0.4546060565661952 0.6333333333333329 -0.7666666666666675 0.33993463423951903 0.24944382578492943 0.6333333333333329 -0.8000000000000007 0.33993463423951903 0.2449489742783178 415 403 403 OK
10845-6104 1-78519 149.636259993 3.45426345784 0.061516065 0.060947195 - 0.1276988871395588 0.000480691363918595 nan 3 -2.6440489 -2.3647933 11.0672741117157 nan "" -0.3000000000000007 0.033333333333333215 0.2449489742783178 0.22110831935702663 0.36666666666666714 -0.033333333333333215 0.22110831935702666 0.1247219128924647 0.36666666666666714 -0.033333333333333215 0.22110831935702666 0.1247219128924647 327 327 327 OK
10845-9101 1-78213 148.530300975 3.17309905231 0.030310612 0.029740632 S1 0.6562049686908722 0.6388222277164459 nan 5 -4.457027 -3.6876645 10.7252611998425 nan "" 0.13333333333333286 0.8000000000000007 0.33993463423951903 0.2449489742783178 0.43333333333333357 0.0 0.16996731711975951 0.0 0.43333333333333357 0.0 0.16996731711975951 0.0 838 838 837 OK
10845-9102 1-60506 149.78242985 2.70369560508 0.07916285 0.078582615 S2 0.06910285353660583 8.00079192231351e-06 nan 3 -1.328051 -1.1368781 10.8442196275334 nan "" -0.6333333333333329 -0.06666666666666643 0.22110831935702666 0.16996731711975951 -0.06666666666666643 0.13333333333333286 0.16996731711975951 0.22110831935702666 -0.06666666666666643 0.13333333333333286 0.16996731711975951 0.22110831935702666 471 471 471 OK
10846-12701 1-1813 154.203033529 -0.850370750858 0.09844736 0.09780686 - 0.18646547198295593 0.03953701630234718 nan 1 -1.660123 -1.660123 11.8045376069614 nan "" -2.333333333333332 1.8666666666666671 0.23570226039551584 0.22110831935702666 -2.333333333333332 2.666666666666668 0.2357022603955158 0.23570226039551584 -1.2333333333333343 2.033333333333335 0.2494438257849294 0.5312459150169743 297 266 252 OK
10846-12702 1-607814 153.607092435 -0.871871725209 0.048120823 0.047481123 - 0.11644929647445679 0.0174061949364841 nan 18 -1.1667576 -0.8104036 11.5058516887844 nan "" 2.366666666666667 0.13333333333333286 0.4988876515698589 0.22110831935702666 0.6666666666666679 0.466666666666665 0.6236095644623236 0.22110831935702663 0.7666666666666657 0.6000000000000014 0.5734883511361751 0.19999999999999993 1230 1086 1022 OK
10846-12703 1-586486 154.419187615 -0.481650160624 0.03370003 0.0330643 - 0.024106526747345924 0.026267134584486485 0.0 11 -1.5636522 -0.5497518 11.080920433447 nan "" -1.8999999999999986 1.7333333333333343 0.19999999999999993 0.5436502143433364 -3.4333333333333336 -2.166666666666666 0.16996731711975951 0.39440531887330776 -4.300000000000001 -2.166666666666666 0.7483314773547883 0.34960294939005054 905 904 890 OK
10846-12704 1-1907 154.008805425 -0.251277945605 0.033757057 0.033125274 S2 0.10714390501379967 0.0013874483411200345 nan 3 -4.5271025 -3.2881265 9.524057443032 nan "" 0.0 1.3999999999999986 0.2581988897471611 0.19999999999999993 0.8000000000000007 -1.3000000000000007 0.2449489742783178 0.2449489742783178 0.8000000000000007 -1.3000000000000007 0.2449489742783178 0.2449489742783178 60 60 60 OK
10846-12705 1-586481 154.4064 -0.77982 0.044500854 0.04386099 S2 0.1476958990097046 0.008849835488945246 nan 1 -5.3977599 -5.3977599 10.5055639532073 nan "" -0.16666666666666785 1.6000000000000014 0.2981423969999719 0.270801280154532 0.0 -0.1999999999999993 0.0 0.2449489742783178 0.0 -0.1999999999999993 0.0 0.2449489742783178 329 329 329 OK
10846-1901 1-1439 153.63085745 -0.259439269596 0.03351018 0.032878973 - 0.02416622918099165 0.15270470082759857 nan 2 -3.165549 -3.1650646 10.2147915719048 nan "" 0.2333333333333325 0.9333333333333336 0.5436502143433364 0.873053390247253 0.2666666666666675 -0.09999999999999964 0.24944382578492943 0.19999999999999998 0.2666666666666675 -0.09999999999999964 0.24944382578492943 0.19999999999999998 158 158 158 OK
10846-1902 1-1437 153.691233229 -0.339349545131 0.033412352 0.032779917 - 0.1477717086672783 0.11488404124975204 nan 2 -4.0182533 -4.0117965 10.975235520808 nan "" -1.2999999999999998 -2.0 0.24494897427831777 0.0 0.5666666666666664 0.1999999999999993 0.16996731711975951 0.43969686527576396 0.8000000000000007 0.2666666666666675 0.2449489742783178 0.3091206165165235 372 317 314 OK
10846-3701 1-607767 153.495417658 -0.951625282797 0.042645197 0.04200461 S1 0.012020204216241837 0.7576629519462585 nan 28 -1.8929695 -1.6642281 10.3488720189787 nan "" 0.1999999999999993 -0.6999999999999993 0.5416025603090641 0.3559026084010437 0.36666666666666714 0.13333333333333286 0.22110831935702666 0.22110831935702666 0.0 0.13333333333333286 0.2581988897471611 0.22110831935702666 155 125 117 OK
10846-3702 1-1923 153.472705403 -0.876670565249 0.046764504 0.04612498 - 0.0185597725212574 0.03364795818924904 nan 30 -3.5542302 -2.2324014 10.8523970474741 nan "" 1.1999999999999993 -1.1333333333333329 0.2449489742783178 0.22110831935702666 -0.6666666666666661 -0.13333333333333286 0.23570226039551584 0.22110831935702666 -0.6333333333333329 0.06666666666666643 0.28674417556808757 0.16996731711975951 191 176 175 OK
10846-3703 1-1851 154.42483585 -0.584250259153 0.033738833 0.03310166 - 0.011969741899520159 0.43807728588581085 nan 10 -2.3832762 -2.1100097 9.808607649189 nan "" 0.8333333333333339 0.06666666666666643 0.5962847939999439 0.16996731711975951 -0.40000000000000036 -0.13333333333333286 0.19999999999999996 0.22110831935702666 -0.5333333333333332 0.0 0.1247219128924647 0.0 104 90 85 OK
10846-3704 1-1839 154.572992959 -0.725380172554 0.03381977 0.03318038 S2 0.02806699648499489 0.8067283034324646 nan 10 -3.9836967 -3.2615798 9.91390322714647 nan "" 0.8000000000000007 -0.2666666666666675 0.2449489742783178 0.24944382578492943 1.1333333333333329 -0.43333333333333357 0.5906681715556451 0.47842333648024415 1.1333333333333329 -0.43333333333333357 0.5906681715556451 0.47842333648024415 130 130 130 OK
10846-6101 1-1655 152.567214966 -0.0747910365462 0.09642068 0.09579416 - 0.12099133059382439 3.3812368201324716e-05 nan 3 -3.1713419 -2.7141578 11.4766053281382 nan "" -0.40000000000000036 -2.5666666666666664 0.4898979485566356 0.5120763831912405 0.8000000000000007 1.6333333333333329 0.541602560309064 0.22110831935702666 0.8000000000000007 1.6333333333333329 0.541602560309064 0.22110831935702666 372 372 372 OK
10846-6102 1-607739 153.426107934 -0.907199459025 0.045071747 0.044431902 S0 0.02551975939422846 0.9960559606552124 nan 36 -0.283172 -0.2560017 10.5311667769231 nan "" 0.1999999999999993 -0.36666666666666714 0.35590260840104376 0.5312459150169743 0.36666666666666714 -0.8000000000000007 0.4268749491621899 0.5099019513592784 0.5999999999999996 -1.0333333333333332 0.37416573867739417 0.4642796092394707 232 178 166 OK
10846-6103 1-1894 153.725625974 -0.794537716089 0.04809754 0.047458682 - 0.025094137527048588 0.013192989397794008 nan 13 -1.6193016 -1.3188846 10.7816367185475 nan "" -0.2333333333333325 0.8000000000000007 0.5120763831912406 0.35590260840104376 -2.9333333333333336 -0.033333333333333215 0.16996731711975951 0.12472191289246469 -2.9333333333333336 -0.033333333333333215 0.16996731711975951 0.12472191289246469 179 177 167 OK
10846-6104 1-608172 154.527786255 0.0999489203095 0.048465032 0.0478373 S0 0.06420449912548065 0.06224057637155056 nan 1 -1.9162691 -1.9162691 11.0692913185834 nan "" 0.0 0.4666666666666668 0.0 0.12472191289246469 0.8000000000000007 -0.06666666666666643 0.2449489742783178 0.24944382578492938 0.8000000000000007 -0.06666666666666643 0.2449489742783178 0.24944382578492938 556 556 556 OK
10846-9101 1-586415 153.650893855 -0.887640757253 0.043889783 0.043249663 S2 0.34754429012537 0.9926903545856476 nan 30 -1.8955934 -0.9354229 10.6692355187449 nan "" -0.13333333333333286 0.0 0.22110831935702666 0.0 0.33333333333333215 1.3000000000000007 0.2357022603955158 0.6 0.5 0.8666666666666671 0.0 0.33993463423951903 285 252 225 OK
10846-9102 1-607835 153.664814004 -0.830923749107 0.04901973 0.04838049 S1 0.5504889637231827 0.0007624104619026184 nan 8 0.898649 0.9003324 11.4395483341113 nan "" -0.3000000000000007 -0.3000000000000007 0.35590260840104376 0.2449489742783178 -0.16666666666666607 -0.43333333333333357 0.23570226039551584 0.16996731711975951 -0.13333333333333286 -0.43333333333333357 0.22110831935702666 0.16996731711975951 1827 1827 1826 OK
11004-12701 1-456655 196.110590139 27.304313566 0.018372238 0.018983964 S2 0.8528821468353271 2.1156341972528026e-05 nan 8 -2.6196179 -2.4730546 9.81719137763844 nan "" -1.1333333333333329 1.6333333333333329 0.49888765156985887 0.28674417556808757 -0.3999999999999986 -1.1666666666666679 0.19999999999999993 0.3496029493900505 -0.3999999999999986 -1.1666666666666679 0.19999999999999993 0.3496029493900505 945 963 963 OK
