01_tables/tabla_manga_full_updated.ecsv
# %ECSV 1.0
# ---
# datatype:
# - {name: PLATEIFU, datatype: string}
# - {name: MANGAID, datatype: string}
# - {name: OBJRA, datatype: float64}
# - {name: OBJDEC, datatype: float64}
# - {name: NSA_Z, datatype: float64}
# - {name: NSA_ZDIST, datatype: float64}
# - {name: MORPH, datatype: string}
# - {name: P_BAR, datatype: float64}
# - {name: P_EDGEON, datatype: float64}
# - {name: P_MERGE, datatype: float64}
# - {name: NNEIGH, datatype: int32}
# - {name: Q_NN, datatype: float64}
# - {name: Q_LSS, datatype: float64}
# - {name: LOGMASS, datatype: float64}
# - {name: AGN, datatype: float64}
# - {name: AGN_CLASS, datatype: string}
# - {name: KCRA_ST, datatype: float64}
# - {name: KCDEC_ST, datatype: float64}
# - {name: KCRA_ST_ERR, datatype: float64}
# - {name: KCDEC_ST_ERR, datatype: float64}
# - {name: KCRA_HA, datatype: float64}
# - {name: KCDEC_HA, datatype: float64}
# - {name: KCRA_HA_ERR, datatype: float64}
# - {name: KCDEC_HA_ERR, datatype: float64}
# - {name: KCRA_OIII, datatype: float64}
# - {name: KCDEC_OIII, datatype: float64}
# - {name: KCRA_OIII_ERR, datatype: float64}
# - {name: KCDEC_OIII_ERR, datatype: float64}
# - {name: PX_V, datatype: int64}
# - {name: PX_VHA, datatype: int64}
# - {name: PX_VOIII, datatype: int64}
# - {name: FLAG, datatype: string}
# schema: astropy-2.0
PLATEIFU MANGAID OBJRA OBJDEC NSA_Z NSA_ZDIST MORPH P_BAR P_EDGEON P_MERGE NNEIGH Q_NN Q_LSS LOGMASS AGN AGN_CLASS KCRA_ST KCDEC_ST KCRA_ST_ERR KCDEC_ST_ERR KCRA_HA KCDEC_HA KCRA_HA_ERR KCDEC_HA_ERR KCRA_OIII KCDEC_OIII KCRA_OIII_ERR KCDEC_OIII_ERR PX_V PX_VHA PX_VOIII FLAG
[from data line 1432]
9508-3702 1-298867 125.71897655 25.5584090602 0.02761 0.0275028 - 0.04911668039858341 0.0055608851835131645 nan 5 -5.0583849 -2.6518779 10.5337537695508 nan "" -2.8 0.9666666666666668 0.3559026084010437 0.2867441755680875 0.033333333333333215 -0.06666666666666643 0.22110831935702666 0.3091206165165235 -0.06666666666666643 0.033333333333333215 0.16996731711975951 0.339934634239519 568 549 545 OK
9508-3703 1-298845 126.310386877 25.0161048395 0.0219646 0.0218449 S2 0.10765926539897919 0.0022874813294038177 nan 0 -999.0 -999.0 9.8809676621243 nan "" -0.3000000000000007 -1.2333333333333325 0.2449489742783178 0.4027681991198191 0.7666666666666675 1.0 0.24944382578492943 0.0 0.7666666666666675 1.0 0.24944382578492943 0.0 566 590 589 OK
9508-3704 1-298778 127.107818258 25.0146350066 0.0287366 0.0286121 S2 0.3838893324136734 0.023225371725857258 nan 0 -999.0 -999.0 10.7893714341136 nan "" 0.16666666666666607 0.0 0.23570226039551584 0.0 0.033333333333333215 0.2666666666666675 0.22110831935702666 0.24944382578492943 0.033333333333333215 0.2666666666666675 0.22110831935702666 0.24944382578492943 783 783 783 OK
9508-6101 1-298953 127.13101957 26.3486816944 0.053027 0.0529244 S2 0.7478259801864624 4.830512261833064e-05 nan 2 -3.7317328 -3.6933222 10.8466016479004 1.0 RADIO_AGN -3.4000000000000004 0.5 0.5228129047119374 0.18257418583505536 0.2666666666666675 0.09999999999999964 0.24944382578492943 0.19999999999999998 0.2666666666666675 0.09999999999999964 0.24944382578492943 0.19999999999999998 456 456 456 OK
9508-6102 1-298940 127.036813758 26.0949911446 0.0239317 0.0238254 - 0.4382181763648987 0.018098770640790462 nan 1 -5.6990128 -5.6990128 10.4907723787522 nan "" -1.5999999999999996 -0.6999999999999993 0.37416573867739417 0.2449489742783178 -0.43333333333333357 0.9000000000000004 0.5436502143433363 0.19999999999999996 -0.1999999999999993 0.8666666666666671 0.5099019513592784 0.22110831935702666 759 695 693 OK
9508-6103 1-298926 127.343679631 26.6568868313 0.056605 0.0565062 - 0.1967930644750595 0.15102533251047134 nan 10 -2.1181695 -1.8055934 11.0877273234929 nan "" 0.3000000000000007 0.0 0.2449489742783178 0.18257418583505536 0.09999999999999964 -0.13333333333333286 0.19999999999999998 0.22110831935702666 0.09999999999999964 -0.13333333333333286 0.19999999999999998 0.22110831935702666 319 319 319 OK
9508-6104 1-298966 127.553016498 26.6273229458 0.0529887 0.0528883 S1 0.47663614153862 0.6267648637294769 nan 2 -1.8375671 -1.8329759 10.9398634259506 nan "" 0.0 0.09999999999999964 0.0 0.37416573867739417 0.2333333333333325 0.0 0.24944382578492943 0.0 0.2333333333333325 0.0 0.24944382578492943 0.0 440 440 440 OK
9508-9101 1-230005 124.799502889 25.5317113858 0.019431 0.019572 S2 0.1992402970790863 0.9763597846031189 nan 4 -3.2868717 -2.9364357 9.58263110488109 nan "" -0.6666666666666661 -0.8000000000000007 0.39440531887330776 0.3559026084010437 0.8666666666666671 0.2666666666666657 0.22110831935702666 0.2494438257849294 0.8666666666666671 0.2666666666666657 0.22110831935702666 0.2494438257849294 337 344 344 OK
9508-9102 1-298842 126.278362587 25.9007850514 0.0862619 0.086157 S1 0.8354881107807159 0.9871376752853394 nan 1 -1.6055458 -1.6055458 11.6735697968046 nan "" 0.06666666666666643 0.06666666666666643 0.24944382578492938 0.16996731711975951 0.1999999999999993 0.5 0.2449489742783178 0.0 0.1999999999999993 0.5 0.2449489742783178 0.0 619 619 619 OK
9509-12701 1-298640 123.265370207 24.5669929863 0.0204859 0.0204873 S2 0.37226685881614685 0.998171478509903 nan 2 0.6941699 0.6980596 10.1045018329906 nan "" -0.13333333333333286 1.033333333333335 0.38586123009300743 0.7408703590297624 0.06666666666666643 0.5 0.16996731711975951 0.0 0.06666666666666643 0.5 0.16996731711975951 0.0 330 330 330 OK
9509-12702 1-230060 123.702325819 25.9219363887 0.020947 0.0209347 S2 0.5026649087667465 0.9632703959941864 nan 6 -3.2398465 -2.134084 9.60978550609993 nan "" 1.533333333333335 -1.0 0.49888765156985887 0.4472135954999579 0.43333333333333357 -0.8999999999999986 0.573488351136175 0.3265986323710904 0.43333333333333357 -0.8999999999999986 0.573488351136175 0.3265986323710904 312 312 312 OK
9509-12703 1-230042 124.105674011 25.9913476859 0.0452423 0.0451522 S1 0.872262179851532 2.978550446641748e-05 nan 3 -1.8506448 -1.8433516 11.3969467268998 nan "" 0.0 0.0 0.0 0.0 0.966666666666665 -0.6999999999999993 0.6944222218666554 0.35590260840104376 0.9333333333333336 -0.6999999999999993 0.6289320754704402 0.35590260840104376 1350 1345 1340 OK
9509-12704 1-230052 123.927344598 25.9653756651 0.0393159 0.0392265 S2 0.2004464715719223 0.00425311247818172 nan 2 -3.6689773 -3.0202508 10.1573695929803 nan "" -3.0666666666666664 9.0 0.16996731711975951 0.0 -3.366666666666667 4.7666666666666675 0.92135166407235 3.5349053106915833 -3.1999999999999993 4.2666666666666675 0.8906926143924924 3.395421754199158 61 79 74 REVISAR
9509-12705 1-230021 124.032229661 25.0064130669 0.104371 0.104265 - 0.04212399385869503 0.01605564821511507 0.009999999776482582 3 0.0195402 0.0232273 11.5421299486027 nan "" -0.5 1.1666666666666679 0.0 0.23570226039551584 -0.1999999999999993 0.06666666666666643 0.3055050463303894 0.16996731711975951 0.0 -0.36666666666666714 0.0 0.22110831935702666 256 246 229 REVISAR
9509-1901 1-218245 122.38422516 26.2834157119 0.0254242 0.02535 - 0.15674080699682236 0.02328006736934185 nan 10 -5.1618075 -4.6483622 10.2050354062875 nan "" -1.4333333333333336 0.16666666666666607 0.6018490028422596 1.043498389499902 0.033333333333333215 -0.09999999999999964 0.339934634239519 0.19999999999999998 0.033333333333333215 -0.09999999999999964 0.339934634239519 0.19999999999999998 380 380 380 OK
9509-1902 1-230050 123.822139282 25.6970825601 0.0416673 0.0415742 S0 0.026977917179465294 0.04822702147066593 nan 2 -4.0698495 -4.0655894 10.336223204405 nan "" -0.8666666666666663 -0.833333333333333 0.590668171555645 0.6497862896539309 0.6999999999999993 -0.20000000000000018 0.4760952285695233 0.24494897427831777 0.6999999999999993 -0.20000000000000018 0.4760952285695233 0.24494897427831777 184 180 180 OK
9509-3701 1-229940 122.070642314 25.425819657 0.0220896 0.0220035 - 0.012380319647490978 0.013045777566730976 nan 1 -4.6302056 -4.6302056 10.4270083491339 nan "" -0.5 0.5999999999999996 0.0 0.2708012801545321 0.3000000000000007 -0.9333333333333336 0.2449489742783178 0.16996731711975951 0.43333333333333357 -0.6999999999999993 0.30912061651652345 0.2449489742783178 520 469 463 OK
9509-3702 1-218233 122.439749732 25.8803086487 0.0251066 0.0250255 S2 0.7724025249481201 0.0005469480383908376 nan 7 1.9937812 1.9937884 10.1814814806765 nan "" -2.533333333333333 0.6666666666666661 0.2867441755680875 0.34960294939005054 -1.3666666666666671 2.033333333333333 0.22110831935702666 0.22110831935702663 -1.3666666666666671 2.033333333333333 0.22110831935702666 0.22110831935702663 634 639 639 OK
9509-3703 1-230144 124.523826762 26.6690321661 0.0390236 0.0389421 S1 0.025560660287737846 0.9577946066856384 nan 3 -2.3259001 -2.1624036 10.0566968065602 nan "" -0.40000000000000036 -0.43333333333333357 0.6377042156569663 0.4422166387140533 0.0 0.13333333333333286 0.0 0.22110831935702666 0.16666666666666607 -0.3000000000000007 0.23570226039551584 0.2449489742783178 91 84 71 OK
9509-3704 1-230100 122.735620823 25.6847130209 0.0254099 0.0253236 S0 0.97716423869133 0.0003889577928930521 nan 4 -5.2227936 -4.083715 10.7643810385841 nan "" 0.7333333333333325 -1.3666666666666671 0.24944382578492943 0.22110831935702666 -1.166666666666666 -2.5 0.298142396999972 0.0 -1.2333333333333325 -2.5 0.3091206165165235 0.0 664 650 647 OK
9509-6101 1-230129 123.45754 26.2547 0.0267338 0.0266522 S2 0.17625605314970016 0.9995353519916534 nan 3 -3.7055509 -3.597265 9.47187634485742 nan "" -0.3000000000000007 0.40000000000000036 0.2449489742783178 0.2 3.033333333333335 1.0999999999999996 0.12472191289246472 0.19999999999999998 3.033333333333335 1.0999999999999996 0.12472191289246472 0.19999999999999998 215 220 220 OK
9509-6102 1-298626 123.768534131 25.6086845695 0.0207932 0.0207837 - 0.026843351311981678 0.0037883904296904802 nan 5 -3.8551831 -3.7969804 10.5579847456444 nan "" -0.5333333333333332 0.1999999999999993 0.1247219128924647 0.35590260840104376 0.36666666666666714 -0.3333333333333339 0.49888765156985876 0.43461349368017665 0.1999999999999993 -0.40000000000000036 0.6782329983125269 0.37416573867739417 1066 936 896 OK
9509-6103 1-605075 123.064470015 26.2025710932 0.0250748 0.0249949 S1 0.1305132731795311 0.00015793671263963915 nan 6 -2.4125242 -2.394361 10.3430782020909 nan "" -0.6333333333333329 1.5666666666666664 0.22110831935702666 0.6548960901462832 0.0 0.0 0.0 0.0 0.0 0.0 0.0 0.0 993 993 993 OK
9509-6104 1-230149 123.87203821 26.1509812019 0.0210896 0.0210737 S2 0.0420847162604332 9.185369708575308e-05 nan 6 -5.7525067 -4.3095584 10.1201058126782 nan "" 4.333333333333332 0.8666666666666671 0.7673909622147559 0.22110831935702666 0.0 -0.06666666666666643 0.0 0.16996731711975951 0.0 -0.06666666666666643 0.0 0.16996731711975951 997 997 997 OK
9509-9101 1-218306 123.07142398 26.3070124946 0.110021 0.109942 - 0.04161218926310539 0.04527811519801617 nan 0 -999.0 -999.0 11.5755212397453 nan "" -0.9000000000000004 0.6000000000000014 0.19999999999999998 0.5228129047119374 1.1666666666666679 1.033333333333335 0.4714045207910317 0.590668171555645 1.1333333333333329 1.1333333333333329 0.4268749491621898 0.5617433182117573 288 287 288 OK
9509-9102 1-230045 123.884699534 25.8111326166 0.0455723 0.0454807 S2 0.043411994352936745 0.25030507892370224 nan 4 -3.760267 -3.032151 10.3103224115842 nan "" 8.333333333333332 0.5 0.2981423969999719 0.0 1.0 0.5 0.0 0.0 1.0 0.5 0.0 0.0 416 416 415 OK
9510-12701 1-584931 125.87444 27.13638 0.0237064 0.0236244 S2 0.49199941754341125 1.0378367278462974e-05 0.06199999898672104 2 -0.8930653 -0.8930407 10.1695250641043 nan "" 0.7333333333333343 -1.1333333333333329 0.2494438257849294 0.28674417556808757 0.33333333333333215 -0.2666666666666657 0.2357022603955158 0.2494438257849294 0.33333333333333215 -0.2666666666666657 0.2357022603955158 0.2494438257849294 1465 1465 1465 OK
9510-12702 1-230334 125.70373 27.71532 0.0197461 0.0198404 S2 0.1085260920226574 0.5828134417533875 0.035999998450279236 4 -0.4546103 -0.454277 9.89727926361736 nan "" 2.2666666666666657 -0.8000000000000007 0.6289320754704403 0.6531972647421809 0.2666666666666657 1.0 0.2494438257849294 0.18257418583505536 0.2666666666666657 1.0 0.2494438257849294 0.18257418583505536 543 553 553 OK
9510-12703 1-230670 128.026434789 29.2362513135 0.0784647 0.0784051 S2 0.7003469467163086 0.022514574229717255 nan 1 -1.4746931 -1.4746931 11.2015429490204 nan "" 0.5 -0.3999999999999986 0.0 0.2 -0.03333333333333499 0.0 0.12472191289246473 0.0 -0.03333333333333499 0.0 0.12472191289246473 0.0 508 508 508 OK
9510-12704 1-605247 127.002752419 28.2681725072 0.0936142 0.0935442 - 0.09567460045218468 0.948780745267868 nan 7 -1.0130126 -0.6716799 11.7401045795836 nan "" -4.366666666666667 1.0 0.22110831935702666 0.0 0.43333333333333357 2.033333333333333 0.16996731711975951 0.12472191289246469 -0.09999999999999964 2.0 0.2708012801545321 0.0 402 348 327 REVISAR
9510-12705 1-298906 127.027493024 26.9118288966 0.0944037 0.094311 E 0.2232135832309723 0.10095060244202614 nan 7 -1.4857024 -0.9391963 11.6998285756414 nan "" 2.6000000000000014 -0.8666666666666671 0.3741657386773941 0.38586123009300755 -1.0 1.3333333333333321 0.0 0.2357022603955158 -1.1999999999999993 1.5666666666666664 0.2449489742783178 0.16996731711975951 206 170 159 OK
9510-1901 1-230426 126.778482539 27.7717629614 0.0203841 0.0204138 S1 0.03501080721616745 0.10273831710219383 0.017999999225139618 4 -1.7280228 -1.7090203 9.18108074614972 nan "" -1.0999999999999996 -0.06666666666666643 0.2708012801545321 0.16996731711975951 0.6666666666666661 0.4666666666666668 0.23570226039551584 0.4642796092394707 0.6666666666666661 0.4666666666666668 0.23570226039551584 0.4642796092394707 85 83 83 OK
9510-1902 1-230478 127.70928353 28.5768407272 0.0658259 0.065757 S0 0.10041319951415062 0.0798012837767601 0.0020000000949949026 3 -1.2799867 -1.2089353 11.0305344735249 nan "" -1.5 0.06666666666666643 0.0 0.30912061651652345 1.1333333333333329 0.3000000000000007 0.22110831935702666 0.35590260840104376 1.0 0.3333333333333339 0.0 0.34960294939005054 315 293 300 OK
9510-3701 1-230227 126.587726525 26.7067659933 0.0450699 0.0449764 - 0.23948049545288086 0.942197322845459 nan 1 -1.9710619 -1.9710619 10.3152001962296 nan "" -1.3666666666666671 0.3333333333333339 0.3858612300930075 0.6236095644623236 0.43333333333333357 -0.36666666666666714 0.478423336480244 0.22110831935702666 0.43333333333333357 -0.36666666666666714 0.478423336480244 0.22110831935702666 174 161 161 OK
9510-3702 1-230395 127.019573204 28.5503339298 0.0548601 0.0547948 S2 0.6506881415843964 1.7169761008517526e-06 nan 0 -999.0 -999.0 10.5115192203147 nan "" 0.06666666666666643 0.3333333333333339 0.16996731711975951 0.43461349368017665 0.0 0.1999999999999993 0.0 0.2449489742783178 0.0 0.1999999999999993 0.0 0.2449489742783178 448 448 448 OK
9510-3703 1-230467 127.592566376 28.0919315128 0.0404229 0.0403467 S0 0.014697850681841373 0.1736316904425621 nan 1 -5.7813616 -5.7813616 10.1393877556278 nan "" 0.3333333333333339 0.2333333333333325 0.47140452079103173 0.9285592184789413 0.06666666666666643 0.43333333333333357 0.16996731711975951 0.16996731711975951 -0.06666666666666643 0.5999999999999996 0.16996731711975951 0.19999999999999998 109 103 99 OK
9510-3704 1-230291 126.384623178 27.6087093682 0.01958 0.0197001 - 0.07174863293766975 0.004991680616512895 nan 6 -3.4875231 -3.4391823 9.86337522083138 nan "" 1.0666666666666664 1.1333333333333329 0.3091206165165235 0.33993463423951903 1.7666666666666675 1.833333333333334 0.24944382578492943 0.23570226039551584 1.7666666666666675 1.833333333333334 0.24944382578492943 0.23570226039551584 231 238 238 OK
9510-6101 1-605294 127.853233749 27.5800054391 0.0196494 0.0197632 S2 0.5249168425798416 0.9999996423721313 nan 2 -3.4725633 -3.4665687 9.86599661278395 nan "" -0.6333333333333329 -2.3000000000000007 0.33993463423951903 0.30550504633038933 4.233333333333334 0.9333333333333336 1.0624918300339485 0.40276819911981904 4.233333333333334 0.9333333333333336 1.0624918300339485 0.40276819911981904 676 709 709 OK
9510-6102 1-230406 126.646908042 28.2374723675 0.0552284 0.05516 S1 0.8400061130523682 0.9309467673301697 nan 0 -999.0 -999.0 10.9091475663205 nan "" 0.0 0.13333333333333286 0.0 0.22110831935702666 0.0 0.0 0.0 0.0 0.0 0.0 0.0 0.0 329 329 329 OK
9510-6103 1-230628 127.511819926 29.2831296116 0.0496643 0.0496083 S2 0.6035003960132599 1.0491929174349934e-06 nan 0 -999.0 -999.0 10.4896207394079 nan "" 1.166666666666666 -2.966666666666667 0.39440531887330776 0.22110831935702663 -1.5666666666666664 -1.4333333333333336 0.40276819911981904 0.3590109871423003 -1.5666666666666664 -1.4333333333333336 0.40276819911981904 0.3590109871423003 748 728 728 OK
9510-6104 1-218695 127.20001511 29.5143273716 0.0783217 0.0782714 - 0.046965282410383224 0.01884383335709572 nan 0 -999.0 -999.0 11.2775624275844 nan "" 0.4666666666666668 -0.5999999999999996 0.12472191289246469 0.41633319989322654 -0.13333333333333286 1.9333333333333336 0.22110831935702666 0.24944382578492938 -0.13333333333333286 1.9333333333333336 0.22110831935702666 0.24944382578492938 253 254 254 OK
