01_tables/tabla_manga_full_updated.ecsv
# %ECSV 1.0
# ---
# datatype:
# - {name: PLATEIFU, datatype: string}
# - {name: MANGAID, datatype: string}
# - {name: OBJRA, datatype: float64}
# - {name: OBJDEC, datatype: float64}
# - {name: NSA_Z, datatype: float64}
# - {name: NSA_ZDIST, datatype: float64}
# - {name: MORPH, datatype: string}
# - {name: P_BAR, datatype: float64}
# - {name: P_EDGEON, datatype: float64}
# - {name: P_MERGE, datatype: float64}
# - {name: NNEIGH, datatype: int32}
# - {name: Q_NN, datatype: float64}
# - {name: Q_LSS, datatype: float64}
# - {name: LOGMASS, datatype: float64}
# - {name: AGN, datatype: float64}
# - {name: AGN_CLASS, datatype: string}
# - {name: KCRA_ST, datatype: float64}
# - {name: KCDEC_ST, datatype: float64}
# - {name: KCRA_ST_ERR, datatype: float64}
# - {name: KCDEC_ST_ERR, datatype: float64}
# - {name: KCRA_HA, datatype: float64}
# - {name: KCDEC_HA, datatype: float64}
# - {name: KCRA_HA_ERR, datatype: float64}
# - {name: KCDEC_HA_ERR, datatype: float64}
# - {name: KCRA_OIII, datatype: float64}
# - {name: KCDEC_OIII, datatype: float64}
# - {name: KCRA_OIII_ERR, datatype: float64}
# - {name: KCDEC_OIII_ERR, datatype: float64}
# - {name: PX_V, datatype: int64}
# - {name: PX_VHA, datatype: int64}
# - {name: PX_VOIII, datatype: int64}
# - {name: FLAG, datatype: string}
# schema: astropy-2.0
PLATEIFU MANGAID OBJRA OBJDEC NSA_Z NSA_ZDIST MORPH P_BAR P_EDGEON P_MERGE NNEIGH Q_NN Q_LSS LOGMASS AGN AGN_CLASS KCRA_ST KCDEC_ST KCRA_ST_ERR KCDEC_ST_ERR KCRA_HA KCDEC_HA KCRA_HA_ERR KCDEC_HA_ERR KCRA_OIII KCDEC_OIII KCRA_OIII_ERR KCDEC_OIII_ERR PX_V PX_VHA PX_VOIII FLAG
[from data line 8598]
7977-12704 1-636015 332.418270109 13.6358085465 0.0273857 0.0281833 S2 0.5779159218072891 0.9992600083351135 nan 6 -1.7090313 -1.6434213 10.767347630418 nan "" -0.2666666666666657 0.16666666666666785 0.3091206165165235 0.3496029493900505 0.2666666666666657 0.0 0.3590109871423003 0.4472135954999579 0.2666666666666657 0.0 0.3590109871423003 0.4472135954999579 1142 1142 1142 OK
7977-12705 1-596678 332.892838008 11.7959286635 0.0269487 0.0277264 S1 0.5276370197534561 0.04745111055672169 nan 4 -2.4273946 -2.4037592 10.8991062793887 nan "" 0.5 0.33333333333333215 0.0 0.43461349368017654 0.5 -0.5 0.0 0.0 0.5 -0.5 0.0 0.0 1983 1983 1983 OK
7977-1901 1-115062 330.855372733 12.6758983985 0.0260569 0.0268403 - 0.07197531126439571 0.06444806978106499 nan 11 -1.9180803 -1.6387361 10.2462651087704 nan "" 0.5333333333333332 1.1333333333333329 0.2211083193570266 0.22110831935702666 -0.43333333333333357 0.6999999999999993 0.16996731711975951 0.2449489742783178 -0.6333333333333337 0.5999999999999996 0.22110831935702666 0.19999999999999996 219 165 172 OK
7977-1902 1-115128 332.481316937 12.8180504327 0.0358116 0.0366002 S2 0.048828594386577606 0.4609716236591339 nan 0 -999.0 -999.0 10.5218295248899 nan "" 0.0 0.0 0.0 0.0 0.13333333333333286 0.0 0.22110831935702666 0.0 0.13333333333333286 0.0 0.22110831935702666 0.0 376 376 375 OK
7977-3701 1-115097 332.203447059 13.3647373417 0.0274473 0.0282415 S0 0.32520441710948944 0.8491901755332947 nan 6 -3.5565879 -2.894665 10.4765895716701 nan "" 0.6999999999999993 -1.4333333333333336 0.9451631252505217 0.5120763831912406 -0.9666666666666668 0.5 0.1247219128924647 0.0 -0.9666666666666668 0.4666666666666668 0.1247219128924647 0.12472191289246469 434 422 421 OK
7977-3702 1-114928 331.080925269 12.9683778244 0.0273478 0.0281351 - 0.8532288074493408 0.17823633551597595 nan 9 -4.1800194 -3.5643063 10.8819018264265 nan "" -0.1999999999999993 -0.033333333333333215 0.35590260840104376 0.12472191289246469 -0.3000000000000007 0.6999999999999993 0.35590260840104376 0.2449489742783178 -0.06666666666666643 0.06666666666666643 0.16996731711975951 0.16996731711975951 736 652 658 OK
7977-3703 1-115320 333.052045245 12.205190661 0.0275274 0.0283102 S2 0.12352172657847404 8.33715166663751e-05 nan 5 -4.6248689 -4.0024729 10.3635143389029 nan "" 1.0333333333333332 0.7333333333333325 0.22110831935702663 0.3091206165165235 -0.3333333333333339 0.0 0.23570226039551584 0.0 -0.3333333333333339 0.0 0.23570226039551584 0.0 707 707 707 OK
7977-3704 1-114956 332.798726703 11.8007324019 0.0270248 0.0278024 - 0.07762302458286285 0.11398249492049217 nan 4 -2.6150167 -2.6100872 10.5300290764753 nan "" 0.36666666666666714 0.0 0.22110831935702666 0.0 0.0 0.0 0.0 0.0 0.0 0.0 0.0 0.0 625 625 626 OK
8946-6102 1-279532 170.808272582 46.9978024507 0.0247756 0.0249349 - 0.4462909549474716 0.43967877328395844 nan 4 -2.119786 -2.1114402 10.3917345389067 nan "" -0.16666666666666607 0.06666666666666643 0.23570226039551584 0.16996731711975951 0.1999999999999993 0.0 0.2449489742783178 0.18257418583505536 0.1999999999999993 0.033333333333333215 0.2449489742783178 0.12472191289246469 692 689 689 OK
8946-6103 1-174124 169.357930654 47.8542375686 0.0157452 0.016586 S2 0.0555851124227047 0.4539214074611664 0.05000000074505806 2 -2.7226777 -2.7225235 9.45685717454838 nan "" -0.5333333333333332 1.3000000000000007 0.1247219128924647 0.2449489742783178 -0.1999999999999993 -1.5333333333333332 0.30550504633038933 0.1247219128924647 -0.1999999999999993 -1.5333333333333332 0.30550504633038933 0.1247219128924647 491 492 492 OK
8946-6104 1-174074 170.288543252 48.0416546994 0.12623 0.126407 - 0.05998925305902958 0.09956240467727184 nan 1 -3.1166484 -3.1166484 11.76226863065 nan "" -0.06666666666666643 -0.4666666666666668 0.3091206165165235 0.42687494916218993 -1.0 0.2333333333333325 0.0 0.24944382578492943 -0.16666666666666607 0.1999999999999993 0.298142396999972 0.35590260840104376 173 131 127 OK
8946-9101 1-279279 170.606919594 47.1059671224 0.025013 0.025174 S2 0.04011810012161732 0.00010014730287366547 nan 3 -2.3507776 -2.2652202 10.160999766582 nan "" -0.8666666666666671 0.06666666666666643 0.22110831935702666 0.3590109871423003 -1.1999999999999993 -0.9666666666666668 0.2449489742783178 0.38586123009300755 -1.1999999999999993 -0.8666666666666671 0.2449489742783178 0.28674417556808757 842 842 844 OK
8946-9102 1-279252 170.142155743 46.8245044229 0.053523 0.0536786 - 0.020717309787869453 0.004832298494875431 nan 7 -0.9488847 -0.834351 11.4402891828917 nan "" -0.3333333333333339 -0.2666666666666675 0.23570226039551584 0.6798692684790381 -0.5 1.1000000000000014 0.0 0.41633319989322654 -0.8666666666666671 1.3666666666666671 0.22110831935702666 0.4268749491621899 726 682 574 OK
8947-12701 1-614456 171.027093421 48.6962967467 0.0576016 0.057791 S2 0.5100282579660416 0.9979700148105621 nan 3 -2.9184475 -2.7748871 11.4596508727417 nan "" -0.8666666666666671 0.6000000000000014 0.49888765156985876 0.270801280154532 -2.0999999999999996 0.7666666666666657 0.37416573867739417 0.2494438257849294 -2.0999999999999996 0.7333333333333343 0.37416573867739417 0.2494438257849294 935 935 933 OK
8947-12702 1-149532 171.718323494 50.5423825522 0.0233158 0.0235382 - 0.4555981457233429 0.5995364636182785 nan 2 -0.5863339 -0.5854098 10.1013682619444 nan "" -2.1999999999999993 -1.7666666666666657 0.4 0.2494438257849294 1.3333333333333321 2.133333333333333 0.2357022603955158 0.22110831935702666 1.3333333333333321 2.133333333333333 0.2357022603955158 0.22110831935702666 256 257 257 OK
8947-12703 1-174618 172.886686245 49.8575035609 0.0685878 0.0687995 S2 0.45986537635326385 1.999397696295091e-07 nan 1 -2.1969702 -2.1969702 11.0799949231891 nan "" 0.33333333333333215 0.13333333333333286 0.23570226039551584 0.22110831935702666 0.0 0.2666666666666657 0.0 0.2494438257849294 0.0 0.2666666666666657 0.0 0.2494438257849294 626 626 626 OK
8947-12704 1-149147 171.102653854 51.23494063 0.0271346 0.0273684 S1 0.9911417365074158 0.0002675704672583379 nan 8 -2.8322701 -2.6644819 10.8442379713186 1.0 RADIO_AGN 0.966666666666665 1.0 0.28674417556808757 0.5477225575051661 0.13333333333333286 4.666666666666668 0.22110831935702666 0.2981423969999719 0.13333333333333286 4.666666666666668 0.22110831935702666 0.2981423969999719 2004 2004 2003 OK
8947-12705 1-174475 172.426419306 48.9701979767 0.0460701 0.0462658 S2 0.33141982555389404 0.9990680515766144 nan 1 -1.6426089 -1.6426089 10.6219946557732 nan "" -0.2666666666666657 -0.10000000000000142 0.6289320754704403 0.19999999999999993 1.6000000000000014 -0.16666666666666785 0.6110100926607788 0.23570226039551584 1.6000000000000014 -0.16666666666666785 0.6110100926607788 0.23570226039551584 349 349 349 OK
8947-1901 1-149572 171.383699396 51.1804088108 0.0271269 0.02736 S2 0.8744730055332184 0.0010146227141376585 nan 6 -4.8615422 -3.3771391 10.4882677758705 nan "" -1.1333333333333337 -2.2333333333333334 0.7180219742846006 1.5040685563571303 0.0 0.3333333333333339 0.0 0.34960294939005054 0.0 0.3333333333333339 0.0 0.34960294939005054 384 384 384 OK
8947-1902 1-174225 170.058854577 50.0253181804 0.0260075 0.0262193 - 0.07655210047960281 0.06073145940899849 nan 1 -4.3548779 -4.3548779 10.401276985948 nan "" -1.1333333333333337 1.0999999999999996 0.38586123009300755 0.7348469228349533 -0.36666666666666625 -1.7000000000000002 0.22110831935702666 0.3559026084010437 -0.36666666666666625 -1.7000000000000002 0.22110831935702666 0.3559026084010437 339 350 350 OK
8947-3701 1-149211 168.947799683 50.4016342163 0.0473068 0.0475243 - 0.02465276885777712 0.9531933665275574 nan 5 -4.5352821 -3.4637847 10.3525463507785 1.0 WISE_AGN -0.9333333333333336 0.2333333333333325 0.2494438257849294 0.4027681991198191 -1.166666666666666 2.633333333333333 0.6992058987801011 0.9741092797468306 -1.166666666666666 2.633333333333333 0.6992058987801011 0.9741092797468306 160 160 160 OK
8947-3702 1-149593 170.70809677 51.2077081692 0.026114 0.0263469 - 0.45291101932525635 0.1996329426765442 nan 9 -5.2433724 -3.797262 10.7119552807067 nan "" -0.1999999999999993 0.5 0.2449489742783178 0.0 0.5666666666666664 0.3000000000000007 0.40276819911981904 0.2449489742783178 0.8000000000000007 0.3000000000000007 0.2449489742783178 0.2449489742783178 591 560 552 OK
8947-3703 1-174629 172.574258062 50.4303971772 0.0471054 0.0473267 - 0.10414454713463783 0.002286179456859827 nan 2 -4.7739429 -4.6954904 10.7717320012209 nan "" 0.5 1.2333333333333325 0.0 0.3091206165165235 0.7333333333333325 0.8333333333333339 0.3590109871423003 0.298142396999972 0.9666666666666668 0.8333333333333339 0.3858612300930076 0.34960294939005054 204 184 180 OK
8947-3704 1-576188 169.475782191 49.5933752164 0.128062 0.128266 - 0.14086314290761948 0.03992975503206253 nan 0 -999.0 -999.0 11.5630643051542 nan "" 1.2666666666666675 -0.36666666666666714 0.47842333648024415 0.22110831935702666 1.0666666666666664 0.033333333333333215 0.4422166387140533 0.12472191289246469 1.0666666666666664 0.06666666666666643 0.4422166387140533 0.16996731711975951 94 93 91 OK
8947-6101 1-174036 171.30052685 48.7357893472 0.110067 0.110257 - 0.05077740177512169 0.02016128320246935 nan 6 -2.1680698 -1.3816156 11.5295923518473 nan "" 0.9333333333333336 0.3333333333333339 0.2494438257849294 0.23570226039551584 0.8000000000000007 1.1333333333333329 0.35590260840104376 0.22110831935702666 0.5999999999999996 1.1999999999999993 0.41633319989322654 0.2449489742783178 132 121 118 OK
8947-6102 1-149148 171.090866189 50.94366468 0.0446923 0.044921 S0 0.03859845921397209 0.7780054807662964 nan 1 -3.2571981 -3.2571981 10.274674019242 nan "" 0.2666666666666675 0.2333333333333325 0.24944382578492943 0.24944382578492943 0.09999999999999964 -0.4666666666666668 0.19999999999999996 0.12472191289246469 0.13333333333333286 -0.4666666666666668 0.22110831935702666 0.12472191289246469 158 145 141 OK
8947-6103 1-149235 169.346247668 51.013378051 0.0464368 0.0466653 S1 0.05937046743929386 0.0077762906439602375 nan 1 -4.521925 -4.521925 10.5921453356976 nan "" -0.5666666666666664 0.3000000000000007 0.2494438257849294 0.35590260840104376 0.0 0.1999999999999993 0.0 0.2449489742783178 0.0 0.1999999999999993 0.0 0.2449489742783178 393 393 393 OK
8947-6104 1-149580 170.803434791 51.1858847796 0.048674 0.0489067 - 0.13285458087921143 0.02039571851491928 nan 5 -2.5574813 -1.991859 11.3594531016352 nan "" -1.0999999999999996 -0.16666666666666607 0.19999999999999998 0.23570226039551584 -0.5666666666666664 -0.6666666666666661 0.6289320754704402 0.34960294939005054 -0.7333333333333325 -0.6333333333333329 0.7717224601860151 0.4268749491621898 675 589 554 OK
8947-9101 1-149200 168.73450562 50.334872965 0.047134 0.0473502 S2 0.988674134016037 5.073411735168065e-08 nan 6 -0.6963354 -0.6646463 11.0705503077107 nan "" -0.36666666666666714 -0.5666666666666664 0.49888765156985876 0.3091206165165235 -0.13333333333333286 -1.0 0.22110831935702666 0.0 -0.13333333333333286 -1.0 0.22110831935702666 0.0 1061 1061 1061 OK
8947-9102 1-149586 170.516427569 50.8151214777 0.0280109 0.0282369 S2 0.5567786395549774 2.3535650370831718e-06 nan 4 -4.1655111 -3.3822572 10.5458008487475 nan "" -0.16666666666666607 0.40000000000000036 0.39440531887330776 0.19999999999999996 0.0 0.06666666666666643 0.0 0.16996731711975951 0.0 0.06666666666666643 0.0 0.16996731711975951 1404 1404 1399 OK
8948-12701 1-149054 165.40834058 50.8322152847 0.0219341 0.0221574 S2 0.720561146736145 0.48359325528144836 nan 17 -3.7065217 -2.1086757 10.1303964554152 nan "" 1.5 1.466666666666665 0.0 0.12472191289246473 0.7333333333333343 0.43333333333333357 0.4027681991198191 0.16996731711975951 0.7333333333333343 0.43333333333333357 0.4027681991198191 0.16996731711975951 1262 1262 1262 OK
8948-12702 1-148954 164.971102678 50.0152009606 0.0257135 0.0259224 S1 0.9610047042369843 2.9374973564699758e-06 nan 6 -1.1766155 -1.1707571 10.9439258775509 nan "" 0.16666666666666785 0.6999999999999993 0.7888106377466155 0.6000000000000001 -1.1000000000000014 -0.7666666666666657 0.7348469228349536 0.3590109871423003 -1.1000000000000014 -0.7666666666666657 0.7348469228349536 0.3590109871423003 2345 2314 2313 OK
8948-12703 1-148855 166.075042353 50.0341044982 0.0239641 0.0241736 S2 0.259915292263031 7.329489744734019e-05 nan 9 -3.0252476 -2.0611877 10.1469680604401 nan "" -1.0 -0.8666666666666671 0.3651483716701107 0.5617433182117573 0.0 0.5 0.0 0.0 0.0 0.5 0.0 0.0 1478 1456 1459 OK
8948-12704 1-173958 167.306019605 49.5194324004 0.0724271 0.0726281 S2 0.9871915578842163 0.0001489792630309239 nan 0 -999.0 -999.0 10.960789614186 nan "" 0.6999999999999993 1.2666666666666657 0.35590260840104376 0.2494438257849294 1.6000000000000014 -0.7666666666666657 0.41633319989322654 0.2494438257849294 1.6000000000000014 -0.7666666666666657 0.41633319989322654 0.2494438257849294 528 528 528 OK
8948-12705 1-173872 166.014205374 49.8216247532 0.0238145 0.0240204 S2 0.36537937819957733 1.5811750017746817e-05 0.0 8 -0.9860059 -0.9805822 10.5290437407736 nan "" 0.43333333333333357 0.36666666666666714 0.47842333648024404 0.22110831935702666 -0.06666666666666643 0.5 0.16996731711975951 0.0 -0.06666666666666643 0.5 0.16996731711975951 0.0 2728 2728 2726 OK
8948-1901 1-587930 165.739131407 50.6702353345 0.0223822 0.0226028 - 0.31699950993061066 0.28334031999111176 nan 20 -2.8420959 -2.4098709 10.5855946927329 nan "" -0.033333333333333215 -0.43333333333333357 0.12472191289246469 0.16996731711975951 -0.7333333333333334 0.5 0.3091206165165235 0.5773502691896257 -0.7333333333333334 0.5 0.3091206165165235 0.5773502691896257 394 394 390 OK
8948-1902 1-173903 166.311935076 49.6589085644 0.116572 0.116775 - 0.009929167572408915 0.01939098024740815 nan 1 -4.2011991 -4.2011991 11.5703457280549 1.0 RADIO_AGN -1.1333333333333337 0.40000000000000036 0.5617433182117573 0.19999999999999998 0.5 0.5666666666666664 0.0 0.16996731711975951 0.7333333333333325 -0.16666666666666696 0.24944382578492943 0.298142396999972 176 159 141 OK
8948-3701 1-612565 166.248455461 50.3821335596 0.0218119 0.0220277 S2 0.12954623252153397 0.08451984450221062 nan 16 -4.3688307 -3.4699786 9.42974573661869 nan "" 0.5666666666666664 0.36666666666666714 0.16996731711975951 0.22110831935702666 -0.06666666666666643 0.40000000000000036 0.16996731711975951 0.2 -0.06666666666666643 0.40000000000000036 0.16996731711975951 0.2 359 365 365 OK
8948-3702 1-148601 164.889012935 49.9854637595 0.0233101 0.0235185 S0 0.20737960189580917 0.0008355773170478642 nan 14 -3.7676497 -2.9496198 10.6323260784901 nan "" -0.033333333333333215 0.8333333333333339 0.1247219128924647 0.34960294939005054 -1.5999999999999996 -2.4333333333333336 0.916515138991168 0.9977753031397177 -1.5999999999999996 -2.4333333333333336 0.916515138991168 0.9977753031397177 783 783 782 OK
8948-3703 1-149067 165.833294654 50.7553074437 0.0208999 0.0211667 S2 0.5175371319055557 0.9328455030918121 0.06499999761581421 15 -1.2526737 -1.0160426 9.51817908484289 nan "" 0.3333333333333339 -0.6333333333333329 0.23570226039551584 0.28674417556808757 -0.13333333333333286 1.5 0.22110831935702666 0.0 -0.13333333333333286 1.5 0.22110831935702666 0.0 205 205 205 OK
8948-3704 1-148893 166.408563733 50.3504230793 0.0693912 0.0696065 S2 0.9793042540550232 2.1080910350690374e-08 nan 5 -2.0368006 -1.9160521 11.1735285461157 nan "" -0.9333333333333336 1.1333333333333329 0.3590109871423003 0.4268749491621899 0.6666666666666661 1.3666666666666671 0.34960294939005054 0.22110831935702666 0.6333333333333329 1.4666666666666668 0.38586123009300755 0.1247219128924647 286 286 285 OK
8948-6101 1-149277 167.98139033 50.0838502624 0.0234202 0.0236315 S1 0.130348339676857 0.0008918084786273539 nan 0 -999.0 -999.0 10.0946184041651 nan "" -1.3000000000000007 0.3000000000000007 0.2449489742783178 0.35590260840104376 0.2333333333333325 -0.5 0.3091206165165235 0.0 0.2333333333333325 -0.5 0.3091206165165235 0.0 704 704 704 OK
