01_tables/tabla_mangaagn_updated.ecsv
# %ECSV 1.0
# ---
# datatype:
# - {name: PLATEIFU, datatype: string}
# - {name: MANGAID, datatype: string}
# - {name: OBJRA, datatype: float64}
# - {name: OBJDEC, datatype: float64}
# - {name: NSA_Z, datatype: float64}
# - {name: NSA_ZDIST, datatype: float64}
# - {name: MORPH, datatype: string}
# - {name: P_BAR, datatype: float64}
# - {name: P_EDGEON, datatype: float64}
# - {name: P_MERGE, datatype: float64}
# - {name: NNEIGH, datatype: string, subtype: 'int16[null]'}
# - {name: Q_NN, datatype: string, subtype: 'float64[null]'}
# - {name: Q_LSS, datatype: string, subtype: 'float64[null]'}
# - {name: LOGMASS, datatype: string, subtype: 'float64[null]'}
# - {name: AGN, datatype: float64}
# - {name: AGN_CLASS, datatype: string}
# - {name: KCRA_ST, datatype: float64}
# - {name: KCDEC_ST, datatype: float64}
# - {name: KCRA_ST_ERR, datatype: float64}
# - {name: KCDEC_ST_ERR, datatype: float64}
# - {name: KCRA_HA, datatype: float64}
# - {name: KCDEC_HA, datatype: float64}
# - {name: KCRA_HA_ERR, datatype: float64}
# - {name: KCDEC_HA_ERR, datatype: float64}
# - {name: KCRA_OIII, datatype: float64}
# - {name: KCDEC_OIII, datatype: float64}
# - {name: KCRA_OIII_ERR, datatype: float64}
# - {name: KCDEC_OIII_ERR, datatype: float64}
# - {name: PX_V, datatype: int64}
# - {name: PX_VHA, datatype: int64}
# - {name: PX_VOIII, datatype: int64}
# - {name: FLAG, datatype: string}
# schema: astropy-2.0
PLATEIFU MANGAID OBJRA OBJDEC NSA_Z NSA_ZDIST MORPH P_BAR P_EDGEON P_MERGE NNEIGH Q_NN Q_LSS LOGMASS AGN AGN_CLASS KCRA_ST KCDEC_ST KCRA_ST_ERR KCDEC_ST_ERR KCRA_HA KCDEC_HA KCRA_HA_ERR KCDEC_HA_ERR KCRA_OIII KCDEC_OIII KCRA_OIII_ERR KCDEC_OIII_ERR PX_V PX_VHA PX_VOIII FLAG
[from data line 2068]
8943-12702 1-392691 156.169798969 36.0075263836 0.0434812 0.0434442 S2 0.36799345910549164 0.00027815190696856007 nan [1] [-4.2199144] [-4.2199144] [10.2543326641429] nan "" -0.3999999999999986 -1.7666666666666657 0.270801280154532 0.2494438257849294 0.0 -0.23333333333333428 0.0 0.2494438257849294 0.0 -0.23333333333333428 0.0 0.2494438257849294 531 531 531 OK
8943-12701 1-392720 156.025058618 35.8187952018 0.0590465 0.0590064 S2 0.9980652928352356 7.411681508529e-07 nan [3] [-3.8272853] [-2.6761808] [10.9664547754968] nan "" 0.33333333333333215 0.1999999999999993 0.2981423969999719 0.35590260840104376 0.5 0.5 0.0 0.0 0.5 0.5 0.0 0.0 305 305 305 OK
8943-6103 1-392978 156.574256682 37.1155135485 0.0223524 0.0223348 S2 0.14048106968402863 0.18922574818134308 nan [2] [-3.5886106] [-3.5861356] [9.49328962797924] nan "" 0.16666666666666607 3.166666666666668 0.39440531887330776 0.5676462121975467 0.40000000000000036 -1.3666666666666671 0.19999999999999996 0.618241233033047 0.40000000000000036 -1.3666666666666671 0.19999999999999996 0.618241233033047 381 381 381 OK
8943-1901 1-392007 154.978349602 36.325738992 0.0261177 0.0260879 - 0.05033032223582268 0.8656919896602631 nan [0] [-999.0] [-999.0] [10.3899391247703] nan "" 0.3000000000000007 -0.36666666666666714 0.2449489742783178 0.3858612300930075 0.5999999999999996 -1.0 0.19999999999999998 0.0 0.5999999999999996 -1.0 0.19999999999999998 0.0 305 305 305 OK
8943-9102 1-394362 157.921317309 36.0233604164 0.0852559 0.0852175 S1 0.05649182200431824 0.9518526494503021 0.0 [12] [-0.1273277] [0.2982396] [11.4311595916455] nan "" 0.5 -0.43333333333333357 0.0 0.30912061651652345 -3.133333333333333 -0.9333333333333336 0.5617433182117573 0.16996731711975951 -3.133333333333333 -0.9333333333333336 0.5617433182117573 0.16996731711975951 333 327 326 OK
8943-9101 1-392952 156.403127756 37.2223052101 0.0608104 0.0607949 S0 0.13213225081562996 0.010652438271790743 nan [2] [-4.0211926] [-3.7944114] [11.3055648830804] nan "" 4.0 -4.066666666666666 0.0 0.3590109871423003 2.033333333333335 -3.0 0.38586123009300755 0.0 2.033333333333335 -3.0 0.38586123009300755 0.0 382 373 373 OK
8946-12701 1-613799 169.42303 47.0834 0.0531635 0.053323 - 0.027670465409755707 0.027302416041493416 nan [4] [-2.5410528] [-2.3200428] [11.419211414765] nan "" 0.36666666666666714 -0.36666666666666714 0.4268749491621898 0.22110831935702666 -3.0 -1.1333333333333329 0.5163977794943222 0.22110831935702666 -2.9333333333333336 -1.1000000000000014 0.6548960901462832 0.2 797 692 714 OK
8946-12702 1-613949 169.823700352 47.6483583246 0.0344067 0.0345765 S1 0.20717214792966843 1.5144153621804435e-05 0.0 [2] [-1.6435088] [-1.6051109] [11.2367404631591] nan "" -1.0666666666666664 0.5 0.47842333648024404 0.0 -1.1999999999999993 -0.3999999999999986 0.43969686527576396 0.4546060565661952 -1.1999999999999993 -0.3999999999999986 0.43969686527576396 0.4546060565661952 2512 2511 2507 OK
8946-12703 1-279314 171.013323097 47.9707615331 0.140497 0.140674 - 0.007209534989669919 0.02237631008028984 0.03999999910593033 [3] [1.3308036] [1.3384815] [11.6372321516938] 1.0 RADIO_AGN 0.0 -0.2666666666666657 0.6324555320336759 0.2494438257849294 -1.3000000000000007 -0.06666666666666643 0.2449489742783178 0.24944382578492938 -1.033333333333335 -0.1999999999999993 0.33993463423951903 0.2449489742783178 82 75 74 OK
8946-12704 1-279320 171.148793982 47.6140153322 0.0333964 0.0335668 S2 0.3744271844625473 0.9946827292442322 nan [4] [-2.5439017] [-2.200989] [9.45098509764947] nan "" -2.0666666666666664 -0.8666666666666671 0.47842333648024404 0.22110831935702666 2.5666666666666664 0.8666666666666671 0.7498147919467996 0.22110831935702666 2.5666666666666664 0.8666666666666671 0.7498147919467996 0.22110831935702666 150 150 150 OK
8946-1901 1-174119 169.287129083 48.5387549726 0.0252332 0.0254183 - 0.09456498920917511 0.08955449983477592 nan [4] [-5.4759746] [-5.3073673] [10.4112052604072] nan "" 0.13333333333333286 -0.36666666666666625 0.22110831935702666 0.28674417556808757 2.7666666666666675 1.2333333333333325 0.5436502143433364 0.24944382578492943 2.7666666666666675 1.2333333333333325 0.5436502143433364 0.24944382578492943 274 273 273 OK
8946-1902 1-613755 169.300369024 46.8598732327 0.0607855 0.060941 - 0.12590516358613968 0.03061207477003336 nan [2] [-5.568182] [-4.9172425] [11.320663610844] nan "" -0.833333333333333 -0.13333333333333375 0.23570226039551587 0.22110831935702666 -2.5 0.43333333333333357 0.0 0.24944382578492938 -2.533333333333333 0.43333333333333357 0.1247219128924647 0.24944382578492938 387 385 385 OK
8946-3701 1-279147 168.957726925 46.3195644483 0.0532814 0.0534271 S1 0.8002968728542328 9.354029771202477e-06 nan [2] [-0.8442598] [-0.8441977] [10.7897249908757] nan "" 0.13333333333333286 0.5 0.4268749491621898 0.0 1.666666666666666 0.2666666666666675 0.5676462121975467 0.4027681991198191 1.666666666666666 0.2666666666666675 0.5676462121975467 0.4027681991198191 272 279 279 OK
8946-3702 1-279188 169.514598419 47.5058118744 0.0247867 0.0249538 S2 0.40513597428798676 0.9949606955051422 nan [3] [-4.8596373] [-4.6546273] [9.50596998710582] nan "" -2.366666666666667 -3.033333333333333 0.33993463423951903 0.7180219742846006 -0.5333333333333332 -1.0 0.1247219128924647 0.0 -0.5333333333333332 -1.0 0.1247219128924647 0.0 157 157 157 OK
8946-3703 1-279073 170.58814502 46.4305044138 0.0322703 0.0324193 - 0.0283431438729167 0.0021291692974045873 nan [7] [-4.2874684] [-3.4308331] [10.9509952737169] nan "" -0.36666666666666714 1.2666666666666675 0.22110831935702666 0.24944382578492943 -0.5999999999999996 -3.4000000000000004 0.2 2.1071307505705477 -1.6333333333333329 -2.5666666666666664 0.28674417556808757 1.492946378437246 721 632 722 OK
8946-3704 1-279086 170.35502801 46.2892276044 0.0244278 0.0245741 S1 0.8032698929309845 1.630950555409072e-05 nan [1] [-2.6575172] [-2.6575172] [10.530748869556] nan "" 0.09999999999999964 0.40000000000000036 0.2 0.19999999999999996 -0.06666666666666643 -0.8666666666666671 0.16996731711975951 0.22110831935702666 -0.06666666666666643 -0.8666666666666671 0.16996731711975951 0.22110831935702666 558 558 557 OK
8946-6101 1-278221 168.752093512 46.6345251343 0.0541852 0.0543362 S2 0.8147198259830475 0.006925099296495318 nan [2] [-3.8941436] [-3.8089557] [10.8533570114261] nan "" -0.4666666666666668 -0.6666666666666661 0.22110831935702666 0.8498365855987973 -0.033333333333333215 0.3000000000000007 0.22110831935702666 0.30550504633038933 -0.033333333333333215 0.3000000000000007 0.22110831935702666 0.30550504633038933 315 315 315 OK
8946-6102 1-279532 170.808272582 46.9978024507 0.0247756 0.0249349 - 0.4462909549474716 0.43967877328395844 nan [4] [-2.119786] [-2.1114402] [10.3917345389067] nan "" -0.16666666666666607 0.06666666666666643 0.23570226039551584 0.16996731711975951 0.1999999999999993 0.0 0.2449489742783178 0.18257418583505536 0.1999999999999993 0.033333333333333215 0.2449489742783178 0.12472191289246469 692 689 689 OK
8946-6103 1-174124 169.357930654 47.8542375686 0.0157452 0.016586 S2 0.0555851124227047 0.4539214074611664 0.05000000074505806 [2] [-2.7226777] [-2.7225235] [9.45685717454838] nan "" -0.5333333333333332 1.3000000000000007 0.1247219128924647 0.2449489742783178 -0.1999999999999993 -1.5333333333333332 0.30550504633038933 0.1247219128924647 -0.1999999999999993 -1.5333333333333332 0.30550504633038933 0.1247219128924647 491 492 492 OK
8946-6104 1-174074 170.288543252 48.0416546994 0.12623 0.126407 - 0.05998925305902958 0.09956240467727184 nan [1] [-3.1166484] [-3.1166484] [11.76226863065] nan "" -0.06666666666666643 -0.4666666666666668 0.3091206165165235 0.42687494916218993 -1.0 0.2333333333333325 0.0 0.24944382578492943 -0.16666666666666607 0.1999999999999993 0.298142396999972 0.35590260840104376 173 131 127 OK
8946-9101 1-279279 170.606919594 47.1059671224 0.025013 0.025174 S2 0.04011810012161732 0.00010014730287366547 nan [3] [-2.3507776] [-2.2652202] [10.160999766582] nan "" -0.8666666666666671 0.13333333333333286 0.22110831935702666 0.33993463423951903 -1.1999999999999993 -0.9666666666666668 0.2449489742783178 0.38586123009300755 -1.1999999999999993 -0.8666666666666671 0.2449489742783178 0.28674417556808757 845 842 844 OK
8948-6104 1-149270 168.300903481 50.2645926072 0.115761 0.115976 - 0.06371962279081345 0.024738957174122334 nan [4] [-1.1867952] [-1.0651548] [11.7659781631564] nan "" 0.6666666666666661 0.13333333333333286 0.43461349368017665 0.22110831935702666 -0.36666666666666714 0.5 0.22110831935702666 0.0 0.0 0.5 0.0 0.0 146 144 107 OK
8946-9102 1-279252 170.142155743 46.8245044229 0.053523 0.0536786 - 0.020717309787869453 0.004832298494875431 nan [7] [-0.9488847] [-0.834351] [11.4402891828917] nan "" -0.3333333333333339 -0.2666666666666675 0.23570226039551584 0.6798692684790381 -0.5 1.1000000000000014 0.0 0.41633319989322654 -0.8666666666666671 1.3666666666666671 0.22110831935702666 0.4268749491621899 726 682 574 OK
8946-12705 1-576146 170.461723946 48.0792542418 0.128965 0.129143 - 0.032779171131551266 0.0066423744428902864 0.09399999678134918 [9] [1.4872372] [1.5183945] [11.5137704733127] nan "" 0.06666666666666643 -0.13333333333333286 0.16996731711975951 0.22110831935702666 -0.23333333333333428 4.233333333333334 0.2494438257849294 2.1514852750806566 -0.23333333333333428 4.233333333333334 0.2494438257849294 2.1514852750806566 95 107 107 OK
8939-6101 1-384547 126.729182973 23.2324947972 0.0195464 0.0196831 S1 0.4863046705722809 0.9755212962627411 nan [8] [-1.8094925] [-1.78801] [10.0770817990235] nan "" 0.4666666666666668 0.6333333333333329 0.28674417556808757 0.7408703590297624 -0.06666666666666643 -1.5666666666666664 0.16996731711975951 0.16996731711975951 -0.06666666666666643 -1.5666666666666664 0.16996731711975951 0.16996731711975951 314 314 314 OK
8939-9101 1-556714 125.227739446 23.7292001251 0.0967156 0.0965814 S1 0.2063351273536682 2.1449547602969687e-05 nan [3] [-3.3488491] [-2.8319964] [11.4847213856735] nan "" 1.2666666666666657 0.6000000000000014 0.3091206165165235 0.41633319989322654 1.1999999999999993 -2.166666666666666 0.3055050463303894 0.23570226039551584 0.23333333333333428 -2.0666666666666664 0.3590109871423003 0.3590109871423003 259 240 226 OK
8939-6104 1-384621 127.105764037 24.6230579001 0.0883995 0.0882685 - 0.010643132496625185 0.05154664255678654 nan [8] [-2.4335055] [-1.9754896] [11.5279911345665] nan "" -0.4666666666666668 -1.4000000000000004 0.12472191289246469 0.19999999999999996 -0.4666666666666668 -0.13333333333333286 0.12472191289246469 0.33993463423951903 -1.0666666666666664 -0.5999999999999996 0.16996731711975951 0.19999999999999998 175 131 130 OK
8939-6103 1-298708 125.322196039 25.4918682616 0.094888 0.0947822 - 0.06953026540577412 0.018984464928507805 nan [3] [0.1079543] [0.1094709] [11.5544820766348] nan "" 1.5333333333333332 2.5 0.339934634239519 0.18257418583505536 -0.4666666666666668 0.5333333333333332 0.12472191289246469 0.12472191289246469 -0.43333333333333357 0.4666666666666668 0.2494438257849294 0.1247219128924647 228 212 199 OK
8939-6102 1-298533 124.843267515 23.74728292 0.0153263 0.0165974 S2 0.7052370309829712 0.012477377895265818 nan [7] [-2.7565484] [-2.7443449] [9.70019025574118] nan "" -1.333333333333334 0.9666666666666668 0.298142396999972 0.339934634239519 1.3666666666666671 -0.6999999999999993 0.3858612300930075 0.2449489742783178 1.3666666666666671 -0.6999999999999993 0.3858612300930075 0.2449489742783178 646 660 660 OK
8939-3704 1-298727 125.853157621 24.6734435513 0.015559 0.0167672 S2 0.10645231604576111 0.3340774327516556 nan [0] [-999.0] [-999.0] [9.25715076039466] nan "" 2.9333333333333336 -0.4666666666666668 0.478423336480244 0.12472191289246469 0.8666666666666671 -0.9000000000000004 0.28674417556808757 0.2708012801545321 0.8666666666666671 -0.9000000000000004 0.28674417556808757 0.2708012801545321 247 252 252 OK
8939-3703 1-584936 125.906990311 25.0201154818 0.0198304 0.0199062 S1 0.04487869143486023 0.005437488667666912 nan [1] [-5.422194] [-5.422194] [9.78261422536504] nan "" -2.466666666666667 0.7333333333333325 0.12472191289246469 0.4027681991198191 -0.5999999999999996 0.5666666666666664 0.19999999999999998 0.16996731711975951 -0.5999999999999996 0.5666666666666664 0.19999999999999998 0.16996731711975951 546 547 547 OK
8939-9102 1-384065 125.944507218 23.5893148394 0.0917049 0.0915639 - 0.06868862360715866 0.0284171300008893 nan [5] [-2.8869765] [-2.4120817] [11.4201983005769] nan "" 0.8000000000000007 -0.8333333333333339 0.2449489742783178 0.43461349368017665 -0.3000000000000007 -0.9333333333333336 0.3055050463303894 0.16996731711975951 -0.7666666666666675 -0.2333333333333325 0.24944382578492943 0.24944382578492943 198 183 169 OK
8939-3702 1-298668 124.18959773 24.7802418812 0.0248864 0.0247759 - 0.9235758781433105 0.1013311818242073 nan [1] [-4.9738655] [-4.9738655] [10.7234752063974] nan "" 0.9666666666666668 -0.36666666666666714 0.339934634239519 0.22110831935702666 0.3000000000000007 -0.13333333333333286 0.2449489742783178 0.22110831935702666 0.3000000000000007 -0.13333333333333286 0.2449489742783178 0.22110831935702666 638 634 634 OK
8939-1902 1-384554 126.398536014 23.9591923311 0.0222054 0.0220677 - 0.02944258786737919 0.02685001026839018 nan [1] [-3.7621217] [-3.7621217] [9.66695240447085] nan "" 0.9666666666666668 1.9666666666666668 0.4642796092394707 0.42687494916218993 -0.7333333333333334 -2.1333333333333337 0.2494438257849295 0.42687494916218993 -0.7333333333333334 -2.1333333333333337 0.2494438257849295 0.42687494916218993 138 138 138 OK
8939-1901 1-298546 124.447939515 23.4765323934 0.012869 0.0136526 - 0.017996671609580517 0.18609003722667694 0.0 [14] [-0.1399656] [-0.139934] [9.64993381232077] nan "" 1.0333333333333332 -0.06666666666666643 0.5312459150169743 0.47842333648024415 1.7333333333333325 0.2333333333333325 0.24944382578492943 0.24944382578492943 1.5999999999999996 0.43333333333333357 0.19999999999999996 0.16996731711975951 317 284 287 OK
8939-12705 1-384548 126.535608471 23.7399228582 0.0545935 0.0544514 S0 0.1094326339662075 0.6977284550666809 nan [3] [-3.1062183] [-2.7187555] [10.9640622974525] nan "" 1.1999999999999993 -0.8333333333333321 1.1803954139750517 0.5676462121975467 1.5666666666666664 -0.7333333333333343 0.2494438257849294 0.2494438257849294 1.5666666666666664 -0.7333333333333343 0.2494438257849294 0.2494438257849294 232 232 232 OK
8939-12704 1-298537 125.687370639 24.2969703898 0.012853 0.0137479 S2 0.18437481671571732 0.0003603513687266968 nan [0] [-999.0] [-999.0] [10.0988840521226] nan "" 0.2666666666666657 -0.8000000000000007 0.4422166387140533 0.5099019513592784 -0.1999999999999993 0.10000000000000142 0.2449489742783178 0.3741657386773941 -0.1999999999999993 0.10000000000000142 0.2449489742783178 0.3741657386773941 2682 2682 2681 OK
8939-12703 1-298868 125.60327372 25.5090791387 0.0277978 0.0276905 S1 0.5424306243658066 7.404714415315539e-05 nan [6] [-2.4698524] [-2.3644578] [10.9699684939023] nan "" 1.1000000000000014 -0.2666666666666657 0.41633319989322654 0.4422166387140533 -2.0666666666666664 1.3000000000000007 0.16996731711975951 0.35590260840104376 -1.5 0.466666666666665 0.0 0.2867441755680876 1403 1330 1330 OK
8939-12702 1-384038 125.395022114 23.2066662157 0.0930921 0.0929482 - 0.1528661698102951 0.507347583770752 0.45500001311302185 [12] [3.0534379] [3.0541253] [11.5353113716636] nan "" -3.6000000000000014 -2.7666666666666657 0.2 0.2494438257849294 -0.533333333333335 -0.06666666666666643 0.12472191289246473 0.3091206165165235 -0.9333333333333336 -0.36666666666666714 0.16996731711975951 0.22110831935702666 349 311 291 REVISAR
