01_tables/tabla_mangaagn_updated.ecsv
# %ECSV 1.0
# ---
# datatype:
# - {name: PLATEIFU, datatype: string}
# - {name: MANGAID, datatype: string}
# - {name: OBJRA, datatype: float64}
# - {name: OBJDEC, datatype: float64}
# - {name: NSA_Z, datatype: float64}
# - {name: NSA_ZDIST, datatype: float64}
# - {name: MORPH, datatype: string}
# - {name: P_BAR, datatype: float64}
# - {name: P_EDGEON, datatype: float64}
# - {name: P_MERGE, datatype: float64}
# - {name: NNEIGH, datatype: string, subtype: 'int16[null]'}
# - {name: Q_NN, datatype: string, subtype: 'float64[null]'}
# - {name: Q_LSS, datatype: string, subtype: 'float64[null]'}
# - {name: LOGMASS, datatype: string, subtype: 'float64[null]'}
# - {name: AGN, datatype: float64}
# - {name: AGN_CLASS, datatype: string}
# - {name: KCRA_ST, datatype: float64}
# - {name: KCDEC_ST, datatype: float64}
# - {name: KCRA_ST_ERR, datatype: float64}
# - {name: KCDEC_ST_ERR, datatype: float64}
# - {name: KCRA_HA, datatype: float64}
# - {name: KCDEC_HA, datatype: float64}
# - {name: KCRA_HA_ERR, datatype: float64}
# - {name: KCDEC_HA_ERR, datatype: float64}
# - {name: KCRA_OIII, datatype: float64}
# - {name: KCDEC_OIII, datatype: float64}
# - {name: KCRA_OIII_ERR, datatype: float64}
# - {name: KCDEC_OIII_ERR, datatype: float64}
# - {name: PX_V, datatype: int64}
# - {name: PX_VHA, datatype: int64}
# - {name: PX_VOIII, datatype: int64}
# - {name: FLAG, datatype: string}
# schema: astropy-2.0
PLATEIFU MANGAID OBJRA OBJDEC NSA_Z NSA_ZDIST MORPH P_BAR P_EDGEON P_MERGE NNEIGH Q_NN Q_LSS LOGMASS AGN AGN_CLASS KCRA_ST KCDEC_ST KCRA_ST_ERR KCDEC_ST_ERR KCRA_HA KCDEC_HA KCRA_HA_ERR KCDEC_HA_ERR KCRA_OIII KCDEC_OIII KCRA_OIII_ERR KCDEC_OIII_ERR PX_V PX_VHA PX_VOIII FLAG
[from data line 3297]
8721-1902 1-48531 134.434612726 54.2271740705 0.0389849 0.0393133 S0 0.042651908472180367 0.035096023231744766 nan [9] [-5.0809231] [-4.1625233] [10.2984256053923] nan "" 1.1999999999999993 0.09999999999999964 0.2449489742783178 0.19999999999999996 1.0 1.333333333333334 0.0 0.23570226039551584 1.2666666666666675 1.2666666666666675 0.24944382578492943 0.24944382578492943 148 134 139 OK
8721-1901 1-48772 135.343375731 55.0407632279 0.0456506 0.0459893 - 0.014076075050979853 0.3381100744009018 nan [13] [-1.0727785] [-1.0609944] [10.7790554110975] nan "" 1.0666666666666664 -0.36666666666666625 0.16996731711975951 0.22110831935702666 -0.9666666666666668 -0.33333333333333304 0.2867441755680875 0.3944053188733077 -0.833333333333333 -0.5333333333333332 0.23570226039551587 0.2867441755680875 178 154 146 OK
8721-12705 1-48560 135.090515525 54.052243777 0.0386592 0.0389827 S2 0.45108798146247864 2.6554070245765615e-05 nan [6] [-3.1186206] [-2.4951289] [9.81368377975281] nan "" 0.0 -1.6666666666666679 0.0 0.23570226039551584 -0.3000000000000007 -2.1999999999999993 0.30550504633038933 0.3055050463303894 -0.3000000000000007 -2.1999999999999993 0.30550504633038933 0.3055050463303894 225 245 245 OK
8721-12702 1-48545 134.599442853 55.0548607803 0.0439277 0.0442688 S2 0.41185900568962097 0.9982573091983795 nan [0] [-999.0] [-999.0] [10.4112611703952] nan "" 0.10000000000000142 1.3666666666666671 0.19999999999999998 0.22110831935702666 0.0 0.03333333333333499 0.0 0.22110831935702666 0.0 0.03333333333333499 0.0 0.22110831935702666 299 299 299 OK
8721-12701 1-48557 134.799768325 54.0430518087 0.0383077 0.0386319 - 0.06236753426492214 0.09748626500368118 nan [10] [-1.4483235] [-1.403913] [11.1724402414599] nan "" -0.10000000000000142 0.03333333333333499 0.3741657386773941 0.33993463423951903 -1.1999999999999993 -0.10000000000000142 0.43969686527576396 0.4546060565661952 -1.2666666666666657 -0.13333333333333286 0.4422166387140533 0.49888765156985887 930 842 850 OK
8721-3702 1-47948 133.797966452 54.9282583451 0.0452723 0.0456139 - 0.014195054769515991 0.3582020103931427 nan [4] [-1.7436681] [-1.7330891] [10.6685867426224] nan "" 1.7333333333333325 0.2333333333333325 0.47842333648024415 0.24944382578492943 0.36666666666666714 -0.36666666666666714 0.46427960923947065 0.22110831935702666 0.3000000000000007 -0.36666666666666714 0.43969686527576396 0.22110831935702666 213 214 206 OK
8721-12704 1-48773 135.236514547 54.9545115782 0.0818969 0.0822345 - 0.08613168448209763 0.012436134275048971 0.0 [7] [1.2721804] [1.2958419] [11.3286421674608] nan "" -0.5666666666666664 1.6000000000000014 0.3590109871423003 0.3265986323710904 1.3000000000000007 1.1333333333333329 0.2449489742783178 0.22110831935702666 0.7333333333333343 0.6000000000000014 0.2494438257849294 0.2 294 292 287 OK
8721-12703 1-48805 135.420700689 56.1050201185 0.140985 0.14134 S0 0.016616349574178457 0.4270406514406204 nan [0] [-999.0] [-999.0] [11.8502879208231] nan "" -1.2333333333333343 5.066666666666666 0.2494438257849294 0.16996731711975951 -1.3333333333333321 6.300000000000001 0.2357022603955158 0.2449489742783178 -1.5666666666666664 6.466666666666665 0.3590109871423003 0.42687494916218993 355 349 350 OK
8725-12703 1-73241 127.648155746 47.0944347616 0.0452572 0.0454957 - 0.12072206661105156 0.02338853757828474 nan [1] [-1.9698579] [-1.9698579] [10.7607839771873] nan "" -0.23333333333333428 -0.16666666666666785 0.4027681991198191 0.4714045207910316 1.0 -1.033333333333335 0.2581988897471611 0.12472191289246473 0.9333333333333336 -1.0666666666666664 0.16996731711975951 0.24944382578492938 170 162 167 OK
8725-9102 1-574519 127.178093813 45.7425550277 0.049053 0.0492717 S1 0.2518158033490181 0.13093769177794456 nan [1] [-4.5356059] [-4.5356059] [10.7017202273206] 1.0 BROAD_AGN 1.5666666666666664 -1.2333333333333325 0.7039570693980959 0.3091206165165235 -1.0333333333333332 -0.8333333333333339 0.22110831935702663 0.23570226039551584 -1.0333333333333332 -0.8333333333333339 0.22110831935702663 0.23570226039551584 286 286 286 OK
8725-9101 43-47 126.82506016 46.0326127 -9999.0 -9999.0 - 0.3611094206571579 0.21431613713502884 nan [] [] [] [] nan "" -0.1999999999999993 -3.6000000000000014 0.2449489742783178 0.6110100926607788 0.8333333333333321 -3.2333333333333343 0.23570226039551584 0.2494438257849294 0.8333333333333321 -3.2333333333333343 0.23570226039551584 0.2494438257849294 563 569 569 REVISAR
8725-6104 1-73184 127.528168009 45.3517505123 0.148244 0.148455 - 0.0630082655698061 0.015334047609940171 nan [3] [-1.0162405] [-0.896512] [11.8765750479521] nan "" -0.36666666666666714 0.6999999999999993 0.22110831935702666 0.2449489742783178 0.5333333333333332 0.5 0.12472191289246469 0.0 0.7333333333333325 0.5 0.24944382578492943 0.0 93 99 93 OK
8725-6103 1-73028 125.736170047 45.4859393776 0.0469224 0.0471437 - 0.11023123562335968 0.054972839541733265 nan [4] [-2.9759998] [-2.8621709] [11.386335872179] nan "" -0.3333333333333339 -0.7333333333333325 0.47140452079103173 0.24944382578492943 -0.3000000000000007 0.06666666666666643 0.2449489742783178 0.2494438257849294 -0.2666666666666675 0.3000000000000007 0.3091206165165235 0.2449489742783178 721 550 522 OK
8725-6102 1-73001 125.459039868 45.5196357165 0.0541687 0.0543918 - 0.8515725135803223 0.001497850869782269 0.0 [3] [-1.9849739] [-1.9827645] [10.7172811036867] nan "" 0.0 -0.9666666666666668 0.0 0.12472191289246469 0.2666666666666675 -0.7333333333333325 0.24944382578492943 0.24944382578492943 0.2666666666666675 -0.7333333333333325 0.24944382578492943 0.24944382578492943 406 406 406 OK
8725-6101 1-72928 127.256488342 45.0167725695 0.127041 0.127247 - 0.06868237257003784 0.06574875488877296 nan [0] [-999.0] [-999.0] [11.6811739018772] nan "" 0.2333333333333325 -2.7666666666666675 0.24944382578492943 0.6289320754704403 0.5 -1.7666666666666675 0.0 0.24944382578492943 0.5333333333333332 -1.2666666666666675 0.12472191289246469 0.24944382578492943 174 156 148 OK
8725-3704 1-73029 125.724140887 45.7187719073 0.0501992 0.0504243 S0 0.637159913778305 0.004168995888903737 nan [4] [-1.8411118] [-1.8339591] [10.7444271496556] nan "" -0.6333333333333329 0.43333333333333357 0.22110831935702666 0.47842333648024404 1.0333333333333332 -1.666666666666666 0.12472191289246469 0.39440531887330776 1.0333333333333332 -1.7666666666666675 0.22110831935702663 0.3091206165165235 209 203 193 OK
8725-3703 1-73009 125.820959584 45.8968648879 0.0537268 0.0539543 S2 0.5080366283655167 0.0001050595092237927 nan [1] [-2.2510705] [-2.2510705] [10.7174461039032] nan "" 0.2666666666666675 -0.1999999999999993 0.24944382578492943 0.2449489742783178 0.5333333333333332 0.5666666666666664 0.12472191289246469 0.16996731711975951 0.5333333333333332 0.5 0.1247219128924647 0.0 487 416 486 OK
8725-3702 1-45527 124.944012294 46.1209357406 0.0543406 0.0545759 - 0.3076443672180176 0.025504454970359802 nan [0] [-999.0] [-999.0] [11.2611118332612] nan "" 1.4000000000000004 2.7666666666666675 0.6377042156569663 0.24944382578492943 0.9000000000000004 1.3000000000000007 0.2708012801545321 0.6000000000000001 1.4666666666666668 1.1333333333333329 0.1247219128924647 0.4268749491621898 478 407 342 OK
8725-3701 1-45520 125.274144808 45.8483146878 0.0378179 0.0380472 S2 0.027587261982262135 0.16845011711120605 nan [0] [-999.0] [-999.0] [10.1180901973384] nan "" 0.9333333333333336 0.16666666666666607 0.6018490028422595 0.53748384988657 -0.8214285714285712 1.9642857142857135 0.4056363104143052 0.8337583949949108 -0.8214285714285712 1.9642857142857135 0.4056363104143052 0.8337583949949108 204 205 205 OK
8725-1902 1-72913 127.489366951 44.9401584256 0.0426329 0.0428371 - 0.08570230007171631 0.009700806811451912 nan [1] [-5.742187] [-5.742187] [10.948968288805] nan "" 1.166666666666666 -0.36666666666666714 0.23570226039551584 0.22110831935702666 -1.9000000000000004 2.0 0.2 0.18257418583505536 -1.9666666666666668 2.0 0.22110831935702663 0.18257418583505536 381 389 384 OK
8725-1901 1-73042 126.143771046 45.4798234048 0.0538674 0.0540866 S1 0.8244524002075195 2.5202594429174496e-06 nan [2] [-3.2918215] [-3.223875] [10.745100349659] nan "" 1.166666666666666 -0.3000000000000007 0.43461349368017665 0.2449489742783178 0.36666666666666714 -1.333333333333333 0.3858612300930075 0.29814239699997197 0.5333333333333332 -1.333333333333333 0.38586123009300755 0.29814239699997197 332 332 327 OK
8725-12705 1-72914 127.580820546 45.0758652965 0.0970376 0.0972435 S2 0.20913629233837128 0.007503601722419262 nan [1] [-3.5922639] [-3.5922639] [11.2971905869858] nan "" 1.5666666666666664 -1.033333333333335 0.2494438257849294 0.22110831935702666 0.6333333333333329 -0.466666666666665 0.42687494916218993 0.22110831935702666 0.6333333333333329 -0.466666666666665 0.42687494916218993 0.22110831935702666 268 268 267 OK
8725-12704 1-45787 126.371085873 47.133569098 0.129045 0.12929 - 0.1301722601056099 0.014013351872563362 nan [1] [-2.772023] [-2.772023] [12.1779673671888] nan "" 1.1999999999999993 0.10000000000000142 0.653197264742181 0.19999999999999993 -0.533333333333335 -0.7666666666666657 0.12472191289246473 0.2494438257849294 -0.43333333333333357 -0.6333333333333329 0.24944382578492943 0.22110831935702666 417 433 416 OK
8725-12702 1-73002 125.428111675 45.5532538955 0.0477041 0.0479279 - 0.2430182620882988 0.9657612442970276 nan [1] [-3.0275805] [-3.0275805] [10.6407813829816] nan "" 0.6666666666666679 1.1666666666666679 0.2981423969999719 0.6236095644623236 -0.06666666666666643 -0.5666666666666664 0.16996731711975951 0.16996731711975951 -0.06666666666666643 -0.5666666666666664 0.16996731711975951 0.16996731711975951 182 182 182 OK
8725-12701 1-73005 125.402303304 45.5854761711 0.051378 0.0516024 S1 0.617853581905365 0.25857941061258316 nan [1] [-4.8459864] [-4.8459864] [10.8313140284664] nan "" 0.6333333333333329 -0.3999999999999986 0.22110831935702666 0.2 -0.06666666666666643 -0.13333333333333286 0.16996731711975951 0.22110831935702666 -0.06666666666666643 -0.13333333333333286 0.16996731711975951 0.22110831935702666 412 412 412 OK
9885-12701 1-376122 238.63953209 24.0216965204 0.0418577 0.0420387 S2 0.34978507459163666 0.9778767228126526 nan [2] [-1.5379988] [-1.5211351] [10.3849440589333] nan "" 3.0666666666666664 0.5666666666666664 3.4296096311711954 1.6316317667360556 0.36666666666666714 -0.6999999999999993 0.28674417556808757 0.2449489742783178 3.1999999999999993 0.6333333333333329 3.1717503054307414 2.3767391293301183 149 161 149 REVISAR
9885-12702 1-442322 238.870444308 22.8273227706 0.0143126 0.0136705 S2 0.15807871520519257 0.2355998158454895 nan [8] [-2.8063114] [-2.4713287] [9.5322779569705] nan "" 0.0 -4.033333333333335 0.0 0.12472191289246473 0.5666666666666664 -4.533333333333335 0.2494438257849294 0.12472191289246473 nan nan nan nan 131 143 78 REVISAR
9885-12704 1-376117 239.018610983 24.3993348981 0.040613 0.040803 S2 0.4120170623064041 0.9844851493835449 nan [3] [-2.3945072] [-2.3905723] [10.0261303592952] nan "" -0.1999999999999993 0.06666666666666643 0.35590260840104376 0.8919392106839769 -0.33333333333333215 -1.6333333333333329 0.2357022603955158 0.33993463423951903 -0.33333333333333215 -1.6333333333333329 0.2357022603955158 0.33993463423951903 196 196 196 OK
9885-3703 1-376346 241.152724187 23.6631835878 0.031032 0.0312329 - 0.23863915354013443 0.6818227171897888 nan [23] [-1.7228966] [-1.5085599] [10.8143306905554] nan "" 0.09999999999999964 -0.09999999999999964 0.19999999999999996 0.37416573867739417 -4.333333333333333 1.0333333333333332 0.43461349368017654 0.42687494916218993 -4.366666666666666 1.0333333333333332 0.38586123009300755 0.42687494916218993 550 550 547 OK
9885-1901 1-376102 239.359695383 23.2725215678 0.0234261 0.0236037 S0 0.20375297963619232 0.05156627483665943 nan [0] [-999.0] [-999.0] [10.1504119336185] nan "" -0.833333333333333 0.8333333333333339 0.43461349368017654 0.23570226039551584 1.4000000000000004 1.7333333333333325 0.19999999999999998 0.24944382578492943 1.4333333333333336 1.6999999999999993 0.16996731711975951 0.2449489742783178 288 276 275 OK
9885-1902 1-442354 239.59346761 22.9042902158 0.0454564 0.0456312 S0 0.02268989570438862 0.1592799872159958 nan [7] [-2.2326725] [-2.2266397] [10.5978434004747] nan "" -0.033333333333333215 0.1999999999999993 0.339934634239519 0.3055050463303894 0.0 -0.40000000000000036 0.0 0.19999999999999998 0.0 0.0 0.0 0.0 169 152 123 OK
9885-3701 1-442359 239.528675585 22.6648076234 0.0451222 0.045293 - 0.45307694375514984 8.601894296589307e-05 nan [6] [-2.9432492] [-1.6035901] [10.6915704076774] nan "" 0.5666666666666664 -1.4000000000000004 0.3091206165165235 0.5537749241945383 -1.166666666666666 -0.2666666666666675 0.23570226039551584 0.24944382578492943 -0.6999999999999993 0.033333333333333215 0.3055050463303894 0.22110831935702663 227 194 193 OK
9885-3702 1-375718 238.986496313 24.3420300865 0.0405896 0.0407785 S1 0.2145056501030922 0.07253365963697433 nan [2] [-3.1496217] [-3.1462195] [10.1331455710657] nan "" 0.3333333333333339 0.5999999999999996 0.5676462121975467 0.6377042156569663 -0.033333333333333215 0.8666666666666671 0.38586123009300755 0.28674417556808757 -0.033333333333333215 0.8666666666666671 0.38586123009300755 0.28674417556808757 204 204 204 OK
9885-3704 1-376347 241.150240754 23.6250625501 0.0309824 0.0311827 - 0.6811544597148895 0.0018281445372849703 nan [24] [-2.2520697] [-1.5154449] [10.3672563514847] nan "" -0.033333333333333215 0.033333333333333215 0.42687494916218993 0.3858612300930076 -1.9000000000000004 -0.2333333333333325 0.37416573867739417 0.3590109871423003 -1.9000000000000004 -0.2333333333333325 0.37416573867739417 0.3590109871423003 509 502 502 OK
9885-6101 1-442338 239.419158217 22.6533944545 0.0413797 0.0415492 S2 0.30240800976753235 0.5506929159164429 0.11800000071525574 [1] [-1.1519241] [-1.1519241] [9.98278922840738] nan "" -1.0 0.4666666666666668 0.6055300708194983 0.5906681715556451 -1.5333333333333332 -0.16666666666666607 0.1247219128924647 0.23570226039551584 -1.5333333333333332 -0.16666666666666607 0.1247219128924647 0.23570226039551584 282 287 287 OK
9885-6102 1-442358 239.572712957 22.6747629244 0.0459259 0.0460973 - 0.4377438724040985 0.013586011249572039 nan [6] [-1.839921] [-1.4033915] [11.2615105572947] nan "" 1.1999999999999993 -0.09999999999999964 0.2449489742783178 0.27080128015453203 0.0 -0.6999999999999993 0.0 0.3055050463303894 0.0 -1.0999999999999996 0.0 0.32659863237109044 850 816 801 OK
9885-6103 1-376132 239.219513552 24.6618299192 0.0247053 0.0249009 S2 0.2502009645104408 0.9999753832817078 nan [1] [-3.2417452] [-3.2417452] [10.1022478380111] nan "" -0.6333333333333329 -0.13333333333333286 0.7630348761506398 0.3858612300930075 -0.033333333333333215 0.0 0.12472191289246469 0.0 -0.033333333333333215 0.0 0.12472191289246469 0.0 478 478 478 OK
9885-6104 1-376330 240.935241812 23.4822369353 0.0319695 0.0321657 S1 0.5466563850641251 0.8888942301273346 nan [15] [-1.8149397] [-1.8049804] [10.9242802277957] nan "" -0.5999999999999996 0.8666666666666671 0.19999999999999998 0.5906681715556451 0.2333333333333325 -0.5 0.24944382578492943 0.0 0.2333333333333325 -0.5 0.24944382578492943 0.0 687 687 687 OK
9885-9102 1-442076 239.665233358 21.83813822 0.0417476 0.0419082 S2 0.036152949556708336 0.09095486253499985 nan [3] [-1.9173738] [-1.8172557] [9.89921701631598] nan "" 0.43333333333333357 0.2666666666666675 1.4590712418826193 0.5734883511361751 0.0 0.033333333333333215 0.0 0.12472191289246469 0.0 0.033333333333333215 0.0 0.12472191289246469 246 257 257 OK
9885-12705 1-376334 240.807251981 23.0083106525 0.0331582 0.0333465 S2 0.34812359511852264 0.9999540448188782 nan [6] [-3.7694254] [-2.7568755] [11.0068622175197] nan "" -0.1999999999999993 0.8333333333333321 0.2449489742783178 0.3944053188733077 -0.8333333333333321 1.1333333333333329 0.3944053188733077 0.22110831935702666 -0.8333333333333321 1.1333333333333329 0.3944053188733077 0.22110831935702666 926 926 926 OK
