01_tables/tabla_mangaagn_updated.ecsv
# %ECSV 1.0
# ---
# datatype:
# - {name: PLATEIFU, datatype: string}
# - {name: MANGAID, datatype: string}
# - {name: OBJRA, datatype: float64}
# - {name: OBJDEC, datatype: float64}
# - {name: NSA_Z, datatype: float64}
# - {name: NSA_ZDIST, datatype: float64}
# - {name: MORPH, datatype: string}
# - {name: P_BAR, datatype: float64}
# - {name: P_EDGEON, datatype: float64}
# - {name: P_MERGE, datatype: float64}
# - {name: NNEIGH, datatype: string, subtype: 'int16[null]'}
# - {name: Q_NN, datatype: string, subtype: 'float64[null]'}
# - {name: Q_LSS, datatype: string, subtype: 'float64[null]'}
# - {name: LOGMASS, datatype: string, subtype: 'float64[null]'}
# - {name: AGN, datatype: float64}
# - {name: AGN_CLASS, datatype: string}
# - {name: KCRA_ST, datatype: float64}
# - {name: KCDEC_ST, datatype: float64}
# - {name: KCRA_ST_ERR, datatype: float64}
# - {name: KCDEC_ST_ERR, datatype: float64}
# - {name: KCRA_HA, datatype: float64}
# - {name: KCDEC_HA, datatype: float64}
# - {name: KCRA_HA_ERR, datatype: float64}
# - {name: KCDEC_HA_ERR, datatype: float64}
# - {name: KCRA_OIII, datatype: float64}
# - {name: KCDEC_OIII, datatype: float64}
# - {name: KCRA_OIII_ERR, datatype: float64}
# - {name: KCDEC_OIII_ERR, datatype: float64}
# - {name: PX_V, datatype: int64}
# - {name: PX_VHA, datatype: int64}
# - {name: PX_VOIII, datatype: int64}
# - {name: FLAG, datatype: string}
# schema: astropy-2.0
PLATEIFU MANGAID OBJRA OBJDEC NSA_Z NSA_ZDIST MORPH P_BAR P_EDGEON P_MERGE NNEIGH Q_NN Q_LSS LOGMASS AGN AGN_CLASS KCRA_ST KCDEC_ST KCRA_ST_ERR KCDEC_ST_ERR KCRA_HA KCDEC_HA KCRA_HA_ERR KCDEC_HA_ERR KCRA_OIII KCDEC_OIII KCRA_OIII_ERR KCDEC_OIII_ERR PX_V PX_VHA PX_VOIII FLAG
[from data line 1360]
8990-12705 1-174631 173.537567139 49.2545623779 0.037232 0.037434 S1 0.5236328095197678 0.0038919912185519934 nan [10] [-4.5347805] [-3.3463881] [10.411770443931] nan "" -2.166666666666668 1.8666666666666671 0.5055250296034367 0.49888765156985887 -0.23333333333333428 0.10000000000000142 0.6289320754704403 0.8406346808612327 -0.23333333333333428 0.10000000000000142 0.6289320754704403 0.8406346808612327 258 258 258 OK
8990-12703 1-174880 174.246658556 50.2243301833 0.055466 0.0556858 S2 0.28303635120391846 1.1764024065996637e-06 nan [1] [-2.4193709] [-2.4193709] [10.8325624389037] nan "" 0.33333333333333215 -0.23333333333333428 0.2981423969999719 0.3091206165165235 0.0 -0.2666666666666657 0.0 0.2494438257849294 0.0 -0.2666666666666657 0.0 0.2494438257849294 822 822 822 OK
8985-6104 1-627238 206.198417052 31.6156728964 0.0279465 0.027972 S2 0.9976274073123932 0.0009365694131702185 nan [0] [-999.0] [-999.0] [10.6113936653107] 1.0 RADIO_AGN -1.5333333333333332 0.6666666666666661 0.5312459150169743 0.23570226039551584 -0.9666666666666668 -0.5 0.2867441755680875 0.0 -0.9666666666666668 -0.5 0.2867441755680875 0.0 713 713 713 OK
8985-9101 1-416015 205.359440553 31.256181578 0.0603445 0.0603587 S0 0.21046563237905502 0.003771632560528815 nan [5] [-2.3675463] [-2.2692981] [11.1585075594011] nan "" -0.5999999999999996 -0.3000000000000007 0.37416573867739417 0.2449489742783178 0.0 0.6999999999999993 0.5163977794943222 0.2449489742783178 -0.09999999999999964 0.8333333333333321 0.5228129047119373 0.2357022603955158 319 313 312 OK
8985-1901 1-421316 203.850108426 31.5714143307 0.024449 0.024459 S2 0.5730682909488678 0.01613284135237336 nan [1] [-5.4610343] [-5.4610343] [9.77738576147342] nan "" -0.5 1.5666666666666664 0.31622776601683794 0.3590109871423003 0.7333333333333325 2.4000000000000004 0.3091206165165235 0.32659863237109044 0.7333333333333325 2.4000000000000004 0.3091206165165235 0.32659863237109044 346 346 346 OK
8985-9102 1-416039 205.873396236 31.003217823 0.0647482 0.0647616 S2 0.9283154010772705 0.001564012432936579 nan [0] [-999.0] [-999.0] [10.9530573730461] nan "" -0.466666666666665 0.0 0.12472191289246473 0.0 0.5 0.8000000000000007 0.0 0.3055050463303894 0.5 0.8000000000000007 0.0 0.3055050463303894 725 725 725 OK
8985-12701 1-421314 203.730622609 31.3935143722 0.0165598 0.016935 S2 0.3033004254102707 9.971835481792368e-07 nan [5] [-3.5936821] [-2.3738348] [9.76875563857268] nan "" 0.966666666666665 0.06666666666666643 0.38586123009300755 0.16996731711975951 -0.16666666666666785 0.1999999999999993 0.2981423969999719 0.2449489742783178 -0.16666666666666785 0.1999999999999993 0.2981423969999719 0.2449489742783178 2074 2073 2073 OK
8985-12702 1-415939 204.859583926 31.2079993813 0.0356097 0.03562 S2 0.835039496421814 0.34140731394290924 nan [5] [-3.3291261] [-2.8695705] [11.1836221694712] nan "" 1.3333333333333321 0.13333333333333286 0.2981423969999719 0.33993463423951903 0.16666666666666785 -0.43333333333333357 0.3944053188733077 0.16996731711975951 0.13333333333333286 -0.3999999999999986 0.3858612300930075 0.19999999999999993 1642 1642 1640 OK
8985-12703 1-420924 204.554359244 32.8228438761 0.0245119 0.0245467 S2 0.7647328674793243 9.5000132205314e-06 nan [4] [-4.438849] [-4.1310463] [10.5656293500805] nan "" 0.36666666666666714 0.8333333333333321 0.22110831935702666 0.23570226039551584 1.1000000000000014 0.0 0.41633319989322654 0.0 1.0 -0.06666666666666643 0.3651483716701107 0.16996731711975951 2442 2403 2428 OK
8985-12704 1-420631 205.370073591 32.192681018 0.0155753 0.015955 S2 0.16970782727003098 0.9999597668647766 nan [6] [-2.9543321] [-2.5236716] [9.3431816957356] nan "" 1.966666666666665 -1.3999999999999986 0.5312459150169743 0.270801280154532 -0.43333333333333357 0.966666666666665 0.16996731711975951 0.33993463423951903 -0.43333333333333357 0.966666666666665 0.16996731711975951 0.33993463423951903 545 545 545 OK
8985-12705 1-408028 206.242903412 31.0046928008 0.0433715 0.0433874 S2 0.49863986670970917 0.9264927506446838 nan [11] [-1.209024] [-1.142482] [10.6426968850352] nan "" -2.0666666666666664 2.0666666666666664 0.3091206165165235 0.3091206165165235 1.033333333333335 -0.8000000000000007 0.38586123009300755 0.541602560309064 1.033333333333335 -0.8000000000000007 0.38586123009300755 0.541602560309064 261 263 263 OK
8985-1902 1-420638 205.389007258 32.4326269649 0.0166465 0.0170402 - 0.10988899692893028 0.9607822597026825 nan [6] [-5.4792886] [-5.344768] [10.0378979020265] nan "" 0.2333333333333325 0.3333333333333339 0.3091206165165235 0.29814239699997197 0.8333333333333339 -1.5333333333333332 0.47140452079103173 0.42687494916218993 0.8333333333333339 -1.5333333333333332 0.47140452079103173 0.42687494916218993 321 321 321 OK
8985-3702 1-420908 204.08266178 32.8750953491 0.0237614 0.0237942 - 0.9155318140983582 0.02078056801110506 nan [16] [-3.1986542] [-2.9035256] [9.83015632207647] nan "" -0.5999999999999996 -1.0666666666666664 0.32659863237109044 0.16996731711975951 -1.5 -0.09999999999999964 0.0 0.19999999999999998 -1.3000000000000007 0.3000000000000007 0.2449489742783178 0.3055050463303894 348 320 320 OK
8985-3703 1-415955 205.325466553 31.2951400307 0.0597994 0.0598141 - 0.03512919694185257 0.009427063632756472 nan [5] [-2.1050298] [-1.9756124] [11.0706294056098] nan "" 0.2333333333333325 0.5333333333333332 0.3091206165165235 0.1247219128924647 0.6666666666666661 -0.06666666666666643 0.23570226039551584 0.24944382578492938 0.6666666666666661 -0.06666666666666643 0.23570226039551584 0.24944382578492938 427 427 427 OK
8985-3704 1-408035 206.203286281 31.2840144884 0.0426279 0.0426481 S2 0.04034549742937088 0.015637164935469627 nan [10] [-1.6331612] [-1.5264602] [10.2209668446639] nan "" -0.5 1.5333333333333332 0.0 0.5312459150169743 0.0 -2.966666666666667 0.5163977794943222 0.7180219742846006 0.0 -2.966666666666667 0.5163977794943222 0.7180219742846006 250 250 250 OK
8985-6101 1-415958 205.241146948 31.4191069725 0.0164928 0.0168618 - 0.08473460376262665 0.03078625351190567 nan [7] [-3.0025461] [-2.5666826] [8.86174829622051] nan "" nan nan nan nan 0.0 -0.5999999999999996 0.0 0.19999999999999996 0.0 -0.5999999999999996 0.0 0.19999999999999996 29 29 29 OK
8985-6102 1-420636 205.076050959 32.1531397042 0.0257795 0.0258066 S2 0.9463871121406555 0.0001225487321789842 nan [5] [-4.2730465] [-3.8951304] [9.96748727686533] nan "" 3.033333333333335 0.6333333333333329 0.8259674462242579 0.22110831935702666 0.0 0.16666666666666607 0.0 0.23570226039551584 0.0 0.16666666666666607 0.0 0.23570226039551584 872 872 872 OK
8985-6103 1-420901 203.787835831 32.6615871636 0.0242498 0.0242773 S2 0.09537507593631744 0.0004659995320253074 nan [7] [-4.0769525] [-2.962862] [9.79854032680391] nan "" 4.933333333333334 0.13333333333333286 0.24944382578492938 0.22110831935702666 0.0 0.9666666666666668 0.0 0.12472191289246469 0.0 0.9666666666666668 0.0 0.12472191289246469 588 588 588 OK
8985-3701 1-591961 204.623765693 30.9868027697 0.0159644 0.0163446 S2 0.26228801906108856 0.0012815498048439622 nan [8] [-4.8742795] [-3.2572687] [9.44144283425456] nan "" -0.3333333333333339 -0.6999999999999993 0.23570226039551584 0.35590260840104376 -0.5 0.5666666666666664 0.0 0.16996731711975951 -0.5 0.5666666666666664 0.0 0.16996731711975951 656 668 668 OK
9510-9102 1-230439 127.202157103 28.9205030761 0.0299483 0.0298881 S2 0.006092693191021681 1.93260714098642e-08 nan [0] [-999.0] [-999.0] [10.280040631705] nan "" 1.7333333333333343 1.3999999999999986 0.5436502143433364 0.19999999999999996 0.0 -0.16666666666666607 0.0 0.298142396999972 0.0 -0.16666666666666607 0.0 0.298142396999972 1189 1189 1188 OK
9510-12701 1-584931 125.87444 27.13638 0.0237064 0.0236244 S2 0.49199941754341125 1.0378367278462974e-05 0.06199999898672104 [2] [-0.8930653] [-0.8930407] [10.1695250641043] nan "" 0.7333333333333343 -1.1333333333333329 0.2494438257849294 0.28674417556808757 0.33333333333333215 -0.2666666666666657 0.2357022603955158 0.2494438257849294 0.33333333333333215 -0.2666666666666657 0.2357022603955158 0.2494438257849294 1465 1465 1465 OK
9510-3701 1-230227 126.587726525 26.7067659933 0.0450699 0.0449764 - 0.23948049545288086 0.942197322845459 nan [1] [-1.9710619] [-1.9710619] [10.3152001962296] nan "" -1.3666666666666671 0.3333333333333339 0.3858612300930075 0.6236095644623236 0.43333333333333357 -0.36666666666666714 0.478423336480244 0.22110831935702666 0.43333333333333357 -0.36666666666666714 0.478423336480244 0.22110831935702666 174 161 161 OK
9510-3702 1-230395 127.019573204 28.5503339298 0.0548601 0.0547948 S2 0.6506881415843964 1.7169761008517526e-06 nan [0] [-999.0] [-999.0] [10.5115192203147] nan "" 0.06666666666666643 0.3333333333333339 0.16996731711975951 0.43461349368017665 0.0 0.1999999999999993 0.0 0.2449489742783178 0.0 0.1999999999999993 0.0 0.2449489742783178 448 448 448 OK
9510-12702 1-230334 125.70373 27.71532 0.0197461 0.0198404 S2 0.1085260920226574 0.5828134417533875 0.035999998450279236 [4] [-0.4546103] [-0.454277] [9.89727926361736] nan "" 2.2666666666666657 -0.8000000000000007 0.6289320754704403 0.6531972647421809 0.2666666666666657 1.0 0.2494438257849294 0.18257418583505536 0.2666666666666657 1.0 0.2494438257849294 0.18257418583505536 543 553 553 OK
9510-12703 1-230670 128.026434789 29.2362513135 0.0784647 0.0784051 S2 0.7003469467163086 0.022514574229717255 nan [1] [-1.4746931] [-1.4746931] [11.2015429490204] nan "" 0.5 -0.3999999999999986 0.0 0.2 -0.03333333333333499 0.0 0.12472191289246473 0.0 -0.03333333333333499 0.0 0.12472191289246473 0.0 508 508 508 OK
9510-12704 1-605247 127.002752419 28.2681725072 0.0936142 0.0935442 - 0.09567460045218468 0.948780745267868 nan [7] [-1.0130126] [-0.6716799] [11.7401045795836] nan "" -4.366666666666667 1.0 0.22110831935702666 0.0 0.43333333333333357 2.033333333333333 0.16996731711975951 0.12472191289246469 -0.09999999999999964 2.0 0.2708012801545321 0.0 402 348 327 REVISAR
9510-12705 1-298906 127.027493024 26.9118288966 0.0944037 0.094311 E 0.2232135832309723 0.10095060244202614 nan [7] [-1.4857024] [-0.9391963] [11.6998285756414] nan "" 2.6000000000000014 -0.8666666666666671 0.3741657386773941 0.38586123009300755 -1.0 1.3333333333333321 0.0 0.2357022603955158 -1.1999999999999993 1.5666666666666664 0.2449489742783178 0.16996731711975951 206 170 159 OK
9510-3703 1-230467 127.592566376 28.0919315128 0.0404229 0.0403467 S0 0.014697850681841373 0.1736316904425621 nan [1] [-5.7813616] [-5.7813616] [10.1393877556278] nan "" 0.3333333333333339 0.2333333333333325 0.47140452079103173 0.9285592184789413 0.06666666666666643 0.43333333333333357 0.16996731711975951 0.16996731711975951 -0.06666666666666643 0.5999999999999996 0.16996731711975951 0.19999999999999998 109 103 99 OK
9510-9101 1-230422 126.784081042 27.8104519653 0.0202794 0.0203177 S2 0.10702573508024216 0.1461368128657341 0.028999999165534973 [4] [-2.638217] [-2.4173143] [10.1661631956621] nan "" -0.6333333333333329 0.1999999999999993 0.22110831935702666 0.653197264742181 -0.8000000000000007 -0.033333333333333215 0.2449489742783178 0.12472191289246469 -0.8000000000000007 -0.033333333333333215 0.2449489742783178 0.12472191289246469 608 603 603 OK
9510-1901 1-230426 126.778482539 27.7717629614 0.0203841 0.0204138 S1 0.03501080721616745 0.10273831710219383 0.017999999225139618 [4] [-1.7280228] [-1.7090203] [9.18108074614972] nan "" -1.0999999999999996 -0.06666666666666643 0.2708012801545321 0.16996731711975951 0.6666666666666661 0.4666666666666668 0.23570226039551584 0.4642796092394707 0.6666666666666661 0.4666666666666668 0.23570226039551584 0.4642796092394707 85 83 83 OK
9510-6103 1-230628 127.511819926 29.2831296116 0.0496643 0.0496083 S2 0.6035003960132599 1.0491929174349934e-06 nan [0] [-999.0] [-999.0] [10.4896207394079] nan "" 1.166666666666666 -2.966666666666667 0.39440531887330776 0.22110831935702663 -1.5666666666666664 -1.4333333333333336 0.40276819911981904 0.3590109871423003 -1.5666666666666664 -1.4333333333333336 0.40276819911981904 0.3590109871423003 748 728 728 OK
9510-1902 1-230478 127.70928353 28.5768407272 0.0658259 0.065757 S0 0.10041319951415062 0.0798012837767601 0.0020000000949949026 [3] [-1.2799867] [-1.2089353] [11.0305344735249] nan "" -1.5 0.06666666666666643 0.0 0.30912061651652345 1.1333333333333329 0.3000000000000007 0.22110831935702666 0.35590260840104376 1.0 0.3333333333333339 0.0 0.34960294939005054 315 293 300 OK
9510-6104 1-218695 127.20001511 29.5143273716 0.0783217 0.0782714 - 0.046965282410383224 0.01884383335709572 nan [0] [-999.0] [-999.0] [11.2775624275844] nan "" 0.4666666666666668 -0.5999999999999996 0.12472191289246469 0.41633319989322654 -0.13333333333333286 1.9333333333333336 0.22110831935702666 0.24944382578492938 -0.13333333333333286 1.9333333333333336 0.22110831935702666 0.24944382578492938 253 254 254 OK
9510-6101 1-605294 127.853233749 27.5800054391 0.0196494 0.0197632 S2 0.5249168425798416 0.9999996423721313 nan [2] [-3.4725633] [-3.4665687] [9.86599661278395] nan "" -0.6333333333333329 -2.3000000000000007 0.33993463423951903 0.30550504633038933 4.233333333333334 0.9333333333333336 1.0624918300339485 0.40276819911981904 4.233333333333334 0.9333333333333336 1.0624918300339485 0.40276819911981904 676 709 709 OK
9510-3704 1-230291 126.384623178 27.6087093682 0.01958 0.0197001 - 0.07174863293766975 0.004991680616512895 nan [6] [-3.4875231] [-3.4391823] [9.86337522083138] nan "" 1.0666666666666664 1.1333333333333329 0.3091206165165235 0.33993463423951903 1.7666666666666675 1.833333333333334 0.24944382578492943 0.23570226039551584 1.7666666666666675 1.833333333333334 0.24944382578492943 0.23570226039551584 231 238 238 OK
9510-6102 1-230406 126.646908042 28.2374723675 0.0552284 0.05516 S1 0.8400061130523682 0.9309467673301697 nan [0] [-999.0] [-999.0] [10.9091475663205] nan "" 0.0 0.13333333333333286 0.0 0.22110831935702666 0.0 0.0 0.0 0.0 0.0 0.0 0.0 0.0 329 329 329 OK
8442-12702 1-419013 199.084413786 30.8768600123 0.0451402 0.0451107 S2 0.00274363299831748 6.852736805740278e-05 nan [1] [-3.76951] [-3.76951] [10.4117685223246] nan "" 0.1999999999999993 -0.966666666666665 0.2449489742783178 0.33993463423951903 -0.23333333333333428 0.5666666666666664 0.2494438257849294 0.24944382578492943 -0.23333333333333428 0.5666666666666664 0.2494438257849294 0.24944382578492943 662 662 662 OK
9044-12703 1-315502 231.100285824 30.006031559 0.117495 0.11769 - 0.11151305958628654 0.09055267460644245 nan [6] [-0.2785271] [-0.2526787] [12.0000778658762] nan "" -2.9000000000000004 1.1999999999999993 0.19999999999999996 0.2449489742783178 0.533333333333335 0.03333333333333499 0.12472191289246473 0.12472191289246473 0.33333333333333215 0.5 0.23570226039551584 0.0 421 397 360 OK
9044-12702 1-316109 230.784981956 30.8775072646 0.0734461 0.0736506 E 0.17149189114570618 0.01653860229998827 nan [18] [0.0415482] [0.1102545] [11.5165106382366] nan "" -3.033333333333333 -0.6666666666666679 0.12472191289246469 0.3944053188733077 -0.1999999999999993 -0.5 0.2449489742783178 0.31622776601683794 -0.7333333333333343 -0.1999999999999993 0.2494438257849294 0.4760952285695233 526 566 502 OK
9044-12701 1-632610 231.100791672 30.2774060321 0.0311584 0.0313572 S2 0.5964964330196381 0.9993267953395844 nan [4] [-2.1259611] [-2.0266206] [11.0590129670666] nan "" 0.06666666666666643 0.7333333333333343 0.2494438257849294 0.2494438257849294 -1.1333333333333329 0.1999999999999993 0.5312459150169743 0.2449489742783178 -1.1333333333333329 0.1999999999999993 0.5312459150169743 0.2449489742783178 1019 1019 1019 OK
